184855 25
184856 26
184857 20
66425 13
184858 21
23720 24
161618 22
107756 22
184859 31
184860 24
80754 26
80768 26
184861 26
132491 25
110480 24
184862 25
184863 25
184864 25
23706 34
184865 32
14235 29
63621 29
63421 31
86715 32
86591 33
184866 30
184867 32
17910 35
14622 34
63614 34
184868 34
63624 34
63953 35
14822 35
184869 38
39660 39
39674 39
39117 39
184870 35
184871 37
14082 38
184872 44
14393 38
184873 38
184874 39
75945 40
63333 39
2715 39
184875 40
184876 40
165216 52
165405 42
165443 42
165427 41
184877 42
63619 40
29465 45
63469 41
184878 41
184879 42
184880 73
184881 44
5793 45
14453 43
85070 43
184882 47
94238 53
67475 61
184883 44
115366 57
184884 44
184885 45
184886 41
184887 43
184888 45
184889 57
184890 57
94262 54
184891 49
184892 44
114252 57
76239 45
24353 45
93409 46
93406 46
93418 45
104303 60
115364 54
33256 47
73305 44
184893 47
67025 48
67038 45
33188 44
180762 45
6009 47
6049 47
130401 47
24337 54
24345 47
21418 60
21419 55
25428 57
23517 63
21778 88
23353 58
184894 74
184895 53
23386 58
23349 52
184896 72
134557 66
133707 59
26867 54
22516 59
184897 63
134105 57
23809 52
24335 50
25373 52
133706 41
23802 58
21761 40
21781 57
184898 59
21774 67
24022 89
23994 75
21227 59
143302 52
161083 53
108118 45
14435 46
119996 48
184899 53
184900 52
51791 54
110436 60
184901 35
63631 46
184902 55
64078 52
64019 53
75908 48
76356 51
184903 47
184904 46
132096 48
184905 46
184906 46
184907 47
68589 47
68540 47
132334 48
67039 48
67047 52
120414 50
120425 47
184908 54
184909 52
141133 52
184910 52
140999 52
141015 50
141196 52
141128 53
141130 50
184911 50
141194 52
139652 52
184912 52
13586 51
91138 48
93586 48
84181 48
93578 48
15331 48
25335 49
25334 48
184913 50
29283 51
20774 67
20935 64
20928 77
20927 87
23512 55
23546 50
20937 57
184914 47
27550 58
27677 57
27552 53
184915 56
25188 73
27479 53
184916 52
26466 56
184917 56
26469 88
68563 51
184918 47
73306 52
184919 47
136457 49
73267 49
68331 47
184920 73
64136 52
64133 52
64087 70
64025 49
64024 59
64023 49
64022 53
64021 61
175548 52
115731 46
170953 46
32536 49
32358 50
33211 51
135606 61
184921 48
32545 48
154332 49
154328 49
184922 48
34345 48
34347 50
184923 52
184924 52
136456 51
76226 61
73179 52
73151 57
73165 53
25384 52
184925 52
24307 55
24322 49
24324 48
24641 50
25409 55
25412 88
184926 48
184927 49
72534 49
32543 49
72708 47
75286 59
75861 52
75872 58
184928 56
184929 51
184930 56
68373 56
184931 49
184932 49
154319 49
184933 50
73198 52
73199 52
73175 58
115270 50
13427 50
23849 56
184934 51
67865 49
67848 51
67843 50
132224 50
74090 52
74104 54
73192 53
76282 49
67847 50
136770 52
184935 48
184936 56
184937 56
184938 61
184939 56
184940 56
184941 50
135594 50
69584 49
73181 57
67872 50
23121 49
75984 55
184942 55
85081 87
115361 55
184943 52
115358 58
115371 50
154132 49
154126 52
154127 51
154135 51
154131 51
154116 49
23350 50
23369 50
25254 52
25244 66
184944 53
184945 49
73302 52
153511 50
153645 49
153622 50
23282 52
23283 50
23210 51
23219 51
23314 53
23315 53
23319 52
184946 49
184947 51
115901 54
154602 200
154620 51
14074 57
68326 54
184948 54
68322 54
184949 47
184950 53
184951 54
184952 56
13587 51
75986 51
108133 44
154214 51
184953 54
63629 59
166867 109
184954 52
184955 56
12353 54
13264 54
13205 54
184956 53
13268 55
13265 55
13244 55
184957 56
13555 55
12734 52
16733 54
14487 56
184958 57
15976 56
13532 57
184959 56
184960 57
184961 53
184962 57
184963 56
14618 56
15231 56
15221 57
15227 56
132385 56
132360 57
15222 56
15455 57
15219 58
15495 57
15225 57
132470 56
15371 59
15226 58
15151 59
15141 59
14996 57
132359 57
13962 57
184964 57
184965 62
12150 58
12979 55
184966 58
184967 64
12466 50
15140 60
12739 50
13324 61
184968 60
132104 62
14405 62
15149 62
16706 63
16716 63
184969 68
184970 62
184971 62
12991 64
184972 63
184973 63
184974 64
13237 65
12496 64
16260 65
184975 72
184976 65
13299 66
13304 65
184977 65
13496 64
132321 63
16943 66
184978 66
184979 66
184980 66
184981 66
184982 66
13453 66
184983 67
184984 66
184985 67
13446 67
184986 66
184987 67
184988 66
12469 67
13828 52
13838 51
12802 68
14585 68
12079 68
184989 68
12078 68
184990 68
12063 68
12064 68
16299 68
15011 68
15240 70
13296 70
13415 69
13412 73
15242 70
12822 69
184991 64
13367 71
13248 71
184992 72
13364 71
184993 70
15223 71
16845 71
184994 71
16627 72
184995 72
184996 71
184997 72
184998 72
12006 74
12011 73
184999 72
132512 72
185000 72
185001 73
13059 73
185002 74
16632 74
13413 74
132124 74
16960 74
185003 75
16721 75
185004 75
185005 75
11981 75
185006 75
185007 75
185008 75
185009 77
185010 77
185011 77
132312 77
185012 77
185013 77
11885 79
185014 79
16778 79
16780 79
16586 79
16637 79
185015 79
185016 79
185017 79
11864 80
11867 80
16585 80
16646 80
185018 86
11879 80
15253 80
185019 80
185020 81
185021 80
185022 80
185023 81
16631 81
185024 80
185025 82
13617 83
16624 82
185026 82
16635 83
185027 82
16645 83
13637 83
185028 84
16250 84
185029 84
16431 85
185030 85
13733 85
13144 85
185031 85
16690 85
16628 85
16857 85
15947 86
16669 86
185032 86
14592 87
185033 173
185034 87
16653 87
185035 88
185036 87
185037 89
185038 90
15182 90
185039 90
16313 91
185040 53
12095 91
185041 92
185042 92
185043 92
185044 92
13795 92
13793 93
14290 94
185045 92
185046 95
185047 95
13133 96
12993 59
13394 53
13467 65
185048 104
185049 109
185050 53
185051 105
14869 108
185052 109
185053 109
185054 110
185055 111
15369 111
15359 111
15152 111
13431 60
13782 112
185056 113
185057 112
185058 112
16311 112
185059 115
16244 114
185060 115
16246 116
185061 116
185062 117
16245 117
185063 117
15186 118
16243 118
185064 118
185065 118
16232 118
185066 120
185067 122
185068 123
185069 123
185070 123
132204 102
185071 123
13325 124
185072 125
16253 126
16347 126
185073 125
185074 126
16338 126
16383 127
185075 126
15181 199
185076 127
185077 127
185078 127
185079 127
185080 127
185081 128
185082 127
185083 128
15205 130
185084 128
15485 128
185085 128
15472 128
15206 129
15457 129
185086 129
185087 129
185088 129
185089 130
16479 130
16353 130
185090 130
185091 130
15391 131
185092 130
185093 131
15400 131
185094 131
185095 132
15493 134
15193 135
15505 135
15503 135
185096 135
132389 135
185097 135
15496 135
185098 135
185099 135
185100 136
185101 136
185102 138
185103 137
185104 137
16255 137
185105 137
185106 137
185107 137
15489 138
185108 138
185109 138
185110 138
185111 138
15502 139
15161 140
185112 141
185113 140
185114 140
185115 141
185116 141
15464 141
15492 167
185117 141
185118 141
15218 141
185119 141
185120 141
185121 141
185122 141
185123 141
185124 141
15462 142
185125 142
185126 142
185127 142
185128 142
185129 143
185130 143
185131 143
185132 144
185133 143
15347 145
185134 145
185135 146
185136 145
185137 145
185138 146
185139 145
15192 145
185140 146
15196 146
185141 146
185142 146
185143 146
185144 148
15188 148
185145 149
185146 147
185147 148
15262 148
185148 148
185149 148
185150 148
185151 148
15195 149
185152 150
185153 149
185154 150
185155 150
185156 150
185157 150
185158 150
185159 150
185160 150
185161 150
185162 151
185163 151
185164 151
185165 153
185166 153
185167 153
15384 152
185168 155
16515 156
185169 157
185170 157
185171 156
185172 156
16392 157
185173 156
185174 156
185175 157
185176 157
185177 158
185178 158
185179 158
185180 159
185181 160
185182 160
185183 160
16327 160
185184 160
185185 40
185186 39
185187 160
185188 161
16510 162
185189 161
185190 161
185191 64
16517 162
185192 163
15348 165
185193 166
16506 165
185194 165
15108 165
15115 165
185195 165
185196 165
185197 165
185198 165
185199 165
185200 165
185201 165
185202 50
185203 62
185204 166
185205 166
185206 166
185207 166
185208 166
185209 166
185210 166
185211 166
16170 166
185212 168
185213 130
185214 59
185215 171
185216 172
185217 172
185218 172
16419 172
185219 172
185220 172
185221 172
16604 48
185222 173
185223 173
185224 173
185225 173
185226 173
185227 174
185228 173
185229 174
185230 174
185231 175
185232 175
185233 175
185234 175
185235 175
185236 175
185237 176
185238 176
185239 176
185240 181
185241 181
185242 180
185243 180
185244 180
15256 181
15249 181
15527 181
185245 181
185246 181
15233 181
15535 181
15245 181
185247 182
185248 181
185249 182
185250 182
185251 183
185252 182
185253 182
185254 182
185255 182
185256 183
185257 183
185258 183
16160 189
185259 184
185260 184
185261 184
15244 186
185262 185
185263 185
185264 186
185265 186
185266 186
185267 186
185268 200
15246 186
185269 186
15518 185
185270 187
185271 187
185272 187
185273 188
185274 187
185275 188
185276 187
185277 188
15257 188
15526 188
185278 187
185279 188
185280 187
185281 187
16490 188
185282 188
15354 188
15378 189
15381 188
185283 189
185284 189
185285 189
15255 189
185286 189
185287 188
185288 79
185289 221
132348 189
16493 189
185290 179
185291 190
16494 190
15355 190
185292 190
185293 192
185294 192
15248 193
185295 193
132349 193
185296 193
185297 193
185298 194
185299 194
185300 194
185301 194
16149 195
185302 49
185303 197
185304 109
185305 199
185306 199
185307 200
185308 200
185309 204
185310 205
185311 207
185312 207
15498 208
15461 208
185313 209
185314 212
185315 212
185316 212
185317 212
185318 212
132386 212
132377 212
185319 213
185320 213
185321 213
185322 213
132384 212
185323 213
185324 215
185325 215
185326 216
185327 216
185328 217
185329 218
185330 217
185331 219
15199 220
185332 222
185333 222
185334 225
185335 225
185336 225
185337 225
185338 225
14358 39
185339 230
185340 230
185341 231
185342 231
185343 231
185344 53
185345 40
185346 145
12316 45
185347 74
185348 73
185349 58
185350 40
185351 89
185352 89
185353 138
185354 45
185355 68
13049 33
132087 35
185356 57
14497 48
12436 33
13064 33
185357 56
15019 41
33054 51
33049 52
180843 52
185358 74
185359 52
180815 50
33325 50
32538 51
33113 53
32300 56
32162 55
154707 54
32306 56
32571 53
32073 57
180847 55
32570 55
155397 55
155483 56
154313 56
154316 56
154303 56
185360 56
185361 56
185362 56
185363 56
185364 56
185365 56
185366 56
185367 56
153567 57
153566 57
153572 57
154737 58
154745 57
155430 58
154744 61
154692 58
153521 60
185368 57
153585 59
154322 58
154206 60
185369 57
32121 58
154792 53
154956 58
154963 57
185370 57
33228 58
185371 59
185372 59
185373 58
185374 59
185375 58
154743 57
32442 61
185376 58
32462 71
185377 59
33218 59
185378 60
32256 59
32257 57
154306 59
153557 59
153523 65
185379 59
153587 60
32112 61
32096 59
180759 59
33048 63
180727 60
185380 66
32197 61
180724 60
185381 60
154913 61
32364 61
32387 61
185382 61
185383 61
185384 62
185385 61
32204 61
185386 62
154060 62
154056 89
154017 64
155507 62
32461 62
185387 62
32474 62
33701 62
33704 62
33714 61
155455 61
135055 62
32263 62
32057 62
185388 62
185389 62
33285 62
185390 63
33282 62
33266 63
33265 63
32718 64
185391 62
185392 63
32400 63
185393 63
185394 64
32575 63
32446 63
155486 65
155481 65
155001 64
185395 63
32330 63
32109 64
135048 64
32118 64
180731 64
33703 65
33671 67
33665 66
185396 65
185397 66
32286 67
33286 65
32721 65
32716 65
32557 66
32577 66
32563 66
185398 66
32534 66
185399 67
185400 67
153944 68
185401 68
185402 68
180896 68
185403 69
33052 85
180707 69
31980 70
154199 71
154195 71
154252 70
154253 70
185404 70
185405 71
135053 72
32523 71
185406 72
185407 72
185408 72
2963 72
185409 72
185410 74
32549 74
32978 73
33502 74
32751 74
32750 74
33501 74
33114 75
32831 74
185411 74
33598 76
185412 76
154483 78
153452 78
185413 78
153451 78
154482 78
154486 77
154405 77
185414 77
154422 77
154415 78
175279 77
153457 80
153792 80
153789 80
153752 81
185415 81
153413 82
153450 84
153454 83
32289 85
32290 83
32296 84
185416 85
185417 84
2776 89
185418 88
32083 89
180734 88
32234 89
135047 89
32082 89
154183 90
32061 94
31991 95
185419 95
32056 96
180711 95
32265 102
153641 103
153649 104
185420 104
153627 104
164532 105
185421 104
162232 104
154194 56
164541 112
166866 109
164556 119
164529 111
32832 109
185422 108
32739 109
180718 53
185423 42
185424 110
154800 62
32748 116
32818 116
185425 23
185426 120
185427 72
185428 122
165743 123
185429 123
165740 123
165742 122
165745 122
165746 122
165866 122
185430 122
185431 122
185432 122
165739 123
162307 124
165865 141
185433 123
162306 123
162424 123
162311 124
185434 50
162449 131
162313 132
154312 54
155099 74
32509 52
185435 85
185436 54
155075 197
155070 196
155081 196
185437 196
155083 197
154580 198
185438 199
154581 198
185439 198
185440 199
154590 199
154597 199
154595 198
154599 198
185441 200
185442 230
185443 200
185444 200
154557 200
185445 201
154780 202
185446 201
154564 201
185447 201
154562 201
185448 201
154644 201
154592 201
185449 203
154598 201
185450 203
154928 204
154791 204
185451 203
154769 204
185452 204
154908 204
154887 204
154889 204
154901 204
185453 204
185454 204
185455 204
185456 204
154958 205
185457 204
185458 204
33247 207
180861 206
185459 206
154994 207
154875 206
154876 206
154877 207
185460 206
33249 209
185461 208
185462 208
154885 209
154903 209
185463 209
185464 209
154902 209
154864 209
154891 209
154912 209
185465 217
155061 215
185466 212
185467 212
185468 212
155064 213
185469 212
185470 214
154896 214
154892 214
154894 214
154893 215
185471 52
154899 219
154789 220
185472 219
154801 219
185473 220
154854 221
154925 221
185474 224
154945 224
154952 224
154953 224
154962 224
154992 226
154879 225
154862 226
185475 225
185476 228
155016 228
164552 75
185477 102
180807 45
180748 45
185478 104
185479 75
129457 69
162809 49
162827 49
162811 49
166896 50
165251 48
165259 50
165254 50
185480 50
165258 50
165162 50
165163 54
165447 53
185481 54
165430 53
165212 50
185482 53
165538 53
165539 53
165475 53
165536 52
165228 52
165472 53
165535 53
185483 54
162824 55
162830 54
162836 55
162989 56
162992 56
162817 56
162835 57
185484 57
166682 58
166680 58
166700 59
165245 59
165246 60
165248 60
165243 60
165395 60
165253 60
165257 60
165255 60
165256 60
165521 60
165601 61
165607 61
165327 61
185485 61
165602 62
165170 61
165175 61
165605 60
165604 60
165179 60
165177 61
163433 63
163434 64
163435 65
163447 64
163450 63
163451 64
163454 63
163455 64
163457 64
165498 65
165167 65
163446 63
162863 65
163459 65
165120 64
165122 64
163456 65
185486 64
165495 65
185487 65
165121 65
185488 54
163452 64
163458 66
165220 68
185489 68
165172 69
165537 73
165219 68
165209 69
165210 70
185490 68
162991 68
162916 69
162982 69
185491 68
162977 69
185492 69
162993 69
162986 68
162906 69
162899 68
162994 69
185493 68
162904 68
185494 68
162947 69
162967 69
185495 72
162922 77
185496 78
164838 81
164550 81
164555 81
164561 82
185497 92
185498 92
169309 94
169315 92
185499 94
169440 94
169445 94
169612 92
169615 92
169442 93
185500 95
169331 96
185501 95
185502 95
185503 97
185504 94
185505 95
169614 93
169610 140
169617 97
185506 100
169613 99
164518 97
164517 97
169599 101
185507 99
169597 99
169600 99
169334 100
169412 98
185508 99
169461 99
169454 99
185509 99
169285 100
185510 97
169520 97
169523 97
185511 100
169437 99
169620 102
185512 103
185513 102
169562 106
169564 103
169550 102
169477 103
169569 102
169344 101
169329 102
169621 102
185514 107
169622 102
167185 102
167184 101
168785 102
168782 101
164530 102
169336 104
169327 103
169325 103
169320 103
169563 102
185515 100
185516 104
185517 103
169432 112
169435 103
169436 103
169512 108
169434 105
185518 104
168916 106
168921 104
169328 154
168920 104
169601 95
185519 221
185520 105
169503 104
168910 105
169533 105
168933 105
168780 106
167189 107
185521 107
169605 107
185522 106
168934 107
168928 108
185523 108
169530 108
167221 110
185524 109
169088 109
185525 112
185526 109
185527 108
167220 113
169175 155
185528 103
185529 97
185530 104
185531 95
168962 112
169155 112
169076 112
141743 112
141740 113
141742 112
185532 112
169003 113
185533 113
169156 112
141865 113
168918 114
185534 112
141776 114
185535 113
141647 113
141646 114
141679 113
185536 113
185537 113
167044 144
167072 114
167073 114
185538 114
141670 113
141857 114
185539 114
141758 114
185540 115
185541 116
167168 115
185542 112
185543 115
168863 115
185544 115
167267 119
169157 114
141802 116
141922 116
141666 116
141667 116
141681 116
141799 116
169566 116
185545 116
169561 116
169588 115
141779 115
141773 116
141784 116
185546 115
141739 115
185547 115
141999 115
141997 115
185548 115
141745 115
142001 116
169565 117
167825 118
185549 115
168108 116
169538 92
141658 116
141674 116
166742 118
141892 117
141810 117
141809 117
185550 110
167265 119
168888 119
168977 119
169072 120
169073 119
168997 120
141651 119
141643 119
185551 118
185552 120
169482 119
185553 120
169475 120
185554 120
141751 119
163591 121
163589 121
163607 120
169083 120
185555 122
141987 121
141972 121
142003 122
141966 121
185556 121
185557 121
141936 121
141958 121
141950 122
141951 122
141795 123
141793 122
185558 122
141957 121
185559 121
141818 121
141759 121
141761 121
141879 122
141875 122
185560 122
169128 123
167238 124
169124 123
169136 123
141590 123
169137 123
169140 124
185561 122
141595 124
141597 124
185562 124
141983 123
141615 124
185563 123
185564 124
169149 124
185565 126
185566 125
169034 127
169169 127
185567 127
169162 128
138741 129
169071 129
141981 129
169167 129
168899 130
185568 115
185569 129
185570 129
185571 129
185572 129
185573 129
169152 129
169153 134
168894 129
168889 129
168902 129
168895 130
168898 130
167224 129
185574 115
185575 131
185576 131
185577 130
167239 130
169123 131
167272 130
185578 130
185579 131
169166 129
141845 131
167277 131
185580 131
185581 123
185582 124
185583 132
185584 133
185585 133
185586 133
141887 135
138770 133
138773 139
138854 135
185587 134
185588 134
185589 126
166445 144
163502 300
185590 135
185591 135
169033 138
165556 140
165558 139
165266 139
185592 139
185593 139
185594 141
185595 141
138346 141
185596 141
185597 141
41858 142
166433 228
185598 141
169989 142
41859 142
41853 141
185599 141
166447 147
185600 142
185601 142
169311 104
169525 103
166456 145
166449 144
185602 144
185603 115
185604 145
185605 146
165591 146
185606 146
185607 164
165205 152
165265 147
185608 148
162538 147
185609 147
185610 147
162711 148
166452 147
162541 148
162709 148
163513 149
166748 148
185611 148
185612 148
166299 149
166472 149
166640 149
166643 150
185613 149
166540 150
162749 150
185614 152
166902 150
185615 151
166904 151
166897 152
166844 151
185616 151
185617 101
185618 151
185619 152
41885 152
185620 152
169535 153
166594 152
166639 154
166457 152
185621 152
141794 131
185622 153
185623 120
185624 154
167227 172
185625 154
169539 153
185626 154
185627 155
185628 155
167229 155
168996 155
41884 155
185629 155
168965 157
185630 157
169086 156
162338 156
141672 274
162745 157
162782 158
185631 157
185632 159
169557 160
185633 160
185634 160
185635 160
185636 160
166821 161
166819 160
166809 161
185637 163
162571 168
185638 163
166261 163
166260 163
185639 164
166259 163
168908 105
166267 165
166552 164
185640 165
185641 167
169079 119
185642 119
185643 119
185644 120
162597 169
185645 169
166802 169
185646 172
185647 170
162655 170
166257 170
185648 170
166541 172
166542 174
166536 173
166561 172
166263 173
166636 173
166638 173
185649 174
166799 174
185650 174
185651 174
167078 175
185652 174
185653 174
166648 191
166641 175
166634 176
166646 176
162717 176
185654 285
166731 176
166729 176
185655 183
185656 96
166553 180
141995 117
166725 180
166728 180
166765 180
166730 180
166735 181
169584 116
185657 181
166733 181
185658 182
166558 182
185659 100
169172 108
167269 105
167143 107
185660 107
185661 110
185662 109
141998 121
169164 128
166455 144
185663 104
185664 189
185665 189
185666 189
185667 189
166550 192
185668 191
185669 121
169587 102
185670 52
185671 54
185672 54
185673 56
185674 58
139214 58
185675 57
185676 57
185677 57
185678 57
141061 57
138706 58
138709 57
139131 58
138716 59
185679 58
185680 63
139712 60
139721 59
139711 60
139708 59
185681 61
185682 61
185683 61
139713 60
185684 59
139671 60
185685 57
139226 59
141222 62
185686 62
139206 61
141223 60
185687 62
185688 61
185689 61
141204 62
138096 63
141867 101
141864 100
185690 102
141862 101
138755 102
185691 105
185692 105
185693 105
185694 106
141797 109
185695 107
141744 109
141827 108
185696 109
185697 109
185698 110
185699 110
185700 159
143294 56
143329 54
36571 57
185701 57
92784 50
4711 55
4144 49
158942 54
185702 55
93408 55
185703 55
94495 54
19420 59
19423 59
185704 59
93006 57
185705 58
94020 55
159565 58
92987 63
6709 59
94411 62
159245 60
93339 61
94207 60
93595 61
93518 65
91489 60
91478 62
92995 64
92965 64
94405 62
94408 62
91396 62
185706 67
92834 64
5469 65
185707 65
158998 66
94283 65
159580 67
92831 67
4853 109
4848 109
185708 110
185709 110
6513 116
6337 116
72178 49
85138 58
76339 59
74029 53
74033 57
74048 55
73967 53
185710 52
185711 52
75887 57
72167 57
115279 54
185712 52
72174 54
72179 54
83642 52
185713 59
185714 55
75987 55
185715 52
72172 54
74034 53
185716 56
136393 56
83499 53
72537 53
72541 53
72529 53
185717 53
115280 53
185718 53
185719 61
185720 67
76908 58
76649 61
72755 54
185721 56
72830 59
77121 61
185722 59
76906 58
185723 58
76244 59
85137 63
185724 65
185725 64
72149 65
72067 61
72059 59
72064 59
72068 63
85211 63
85212 64
73290 62
72728 62
73295 64
73297 61
136414 58
73307 60
72663 59
72644 59
72664 60
72649 60
72667 59
72668 60
72642 59
185726 69
73291 68
73325 61
72703 63
72702 69
72729 66
73308 63
73313 56
72724 64
69091 59
185727 60
73283 59
85189 66
85134 64
185728 61
75071 65
72202 59
185729 64
84922 63
75364 66
77075 63
185730 61
73042 64
73050 64
73163 60
72155 64
82660 63
84632 64
84848 60
84661 59
84621 66
72203 66
72197 64
185731 63
185732 63
82652 64
185733 59
77079 65
76835 65
77077 64
75358 64
136802 64
75329 64
185734 66
74065 69
77247 63
185735 64
185736 64
73130 67
73132 66
136447 66
73144 67
73143 65
185737 65
136791 71
185738 71
72818 67
136427 67
72751 66
73039 66
73048 66
136463 69
83384 65
83379 65
83388 67
83383 65
83378 65
73040 70
185739 64
76605 66
76034 68
185740 67
73059 66
72548 67
84638 65
72917 67
72916 71
185741 69
72909 67
72864 67
72862 67
77136 68
72921 69
72138 68
84617 68
84641 68
84656 69
84651 69
84634 67
185742 69
82671 67
73304 69
185743 69
107318 71
73321 72
185744 72
85113 72
85075 73
85094 73
185745 72
85116 72
85095 73
75044 77
75048 76
185746 80
85073 92
170829 95
72354 53
73038 51
185747 67
34271 51
185748 51
34326 50
69387 51
67023 51
185749 51
185750 53
157321 51
34418 52
34343 52
67044 52
68575 51
67589 52
69045 54
69001 54
135371 54
185751 52
185752 52
185753 52
185754 52
67839 54
69381 52
135494 52
68524 59
68535 54
68529 63
67482 53
185755 54
185756 55
185757 54
69383 55
135512 55
68314 57
68536 57
68555 56
185758 57
68573 56
135581 60
185759 59
185760 59
68361 57
185761 57
67221 58
67183 58
67184 58
67034 58
67435 58
185762 57
67438 58
185763 59
67858 58
67850 58
67516 60
68360 59
185764 59
68193 60
69114 60
68341 59
68223 59
135734 59
185765 61
69150 59
68343 59
135483 59
185766 59
67490 60
68226 60
185767 61
185768 61
69109 61
67477 61
185769 67
185770 61
67427 61
68217 61
185771 61
185772 61
185773 62
67465 62
69509 62
67179 62
69086 62
69057 62
69093 62
185774 62
69092 62
67459 62
67271 63
67515 63
67462 62
185775 63
185776 63
67266 63
67455 64
135422 66
68236 63
135726 63
67484 63
69484 63
67483 64
185777 64
185778 64
135725 64
185779 65
185780 64
185781 64
185782 64
185783 64
185784 64
185785 64
69088 94
69089 65
67472 65
185786 65
135758 66
69330 65
69064 65
69063 65
69083 65
67466 65
77134 68
69542 65
69113 65
185787 65
69545 65
185788 65
69239 66
67448 66
67456 66
185789 65
135429 65
69051 67
69046 66
185790 66
68397 66
135755 66
67856 67
69077 67
76754 68
185791 67
68390 67
67524 69
69080 70
68496 70
68505 70
67520 70
68334 70
69591 70
185792 67
68450 71
185793 71
67426 71
135595 71
67547 72
67491 72
135440 72
185794 73
185795 73
185796 73
67529 73
67487 66
67514 62
185797 51
67512 51
67414 167
68391 51
185798 167
68393 58
67419 54
67544 167
67907 55
69564 60
135822 51
68383 53
69594 53
68339 57
135587 73
68478 51
67518 52
67952 60
185799 167
68454 50
69505 54
68382 53
68381 52
67534 52
68336 56
69561 56
185800 55
185801 58
68384 54
67409 57
68338 55
69513 58
69595 51
69563 56
67449 57
67439 57
69597 52
185802 60
185803 36
185804 36
185805 46
185806 23
66558 38
185807 54
185808 54
90629 85
90485 84
185809 86
185810 87
185811 120
87243 120
185812 120
185813 120
89533 128
185814 127
89540 128
185815 127
185816 128
89539 129
90474 129
89549 132
185817 48
26898 64
26899 68
26906 68
24652 52
23311 52
25436 53
23394 52
23321 50
133912 52
134597 51
29475 52
22101 54
22087 51
185818 60
22088 51
23812 55
27200 52
27211 52
27201 53
185819 51
24502 53
185820 50
133642 50
25331 49
185821 52
25375 66
25366 58
25382 55
24118 61
185822 53
22150 54
23356 51
23372 53
23574 53
133816 60
185823 56
133689 52
23498 56
23497 56
23500 55
185824 55
26861 55
26893 53
22155 58
22147 53
22152 56
23313 52
133776 57
24635 54
24645 54
24637 58
185825 70
23482 72
23488 74
25325 57
25340 56
25318 55
25342 56
25330 54
25326 62
27210 71
27217 57
25187 77
27470 53
27480 67
134257 57
23514 65
20786 55
20790 68
23524 57
25379 60
25363 71
27558 72
23308 53
134086 57
26501 58
25286 60
185826 62
23806 67
23551 62
133251 63
185827 60
185828 57
21776 57
185829 58
185830 49
185831 65
23490 62
29122 59
29117 58
24438 57
24447 59
23695 69
185832 56
24006 64
21245 61
25143 62
21565 62
185833 69
185834 65
185835 61
185836 65
24327 64
24321 65
23505 56
23216 60
22515 73
22510 73
29299 68
27195 68
25413 71
25434 62
24494 63
185837 59
24509 65
24485 57
24484 60
20859 59
133261 59
185838 62
20904 62
20890 62
20895 61
23615 58
185839 57
185840 57
185841 57
24112 60
25361 59
185842 65
133233 57
185843 56
185844 57
185845 55
185846 57
185847 62
26761 64
185848 67
26744 63
26754 61
26750 60
21172 55
27324 60
27318 58
185849 61
185850 63
185851 59
21620 59
21754 74
21773 61
20760 59
185852 59
133357 60
185853 62
185854 61
185855 59
185856 59
185857 60
185858 61
23297 66
23331 65
23340 59
24120 64
25431 89
25426 68
185859 61
185860 64
23645 61
23437 65
23643 61
26732 62
23816 62
21362 61
21369 62
21371 61
21360 62
21363 72
23682 63
23734 62
23743 62
23478 65
23555 63
27245 84
185861 63
185862 87
185863 73
27254 64
21571 63
21676 69
21339 63
21687 63
21669 63
185864 71
24648 68
185865 62
20800 70
185866 68
27269 64
185867 63
24043 68
23770 65
27474 56
185868 64
27381 68
185869 64
185870 64
185871 64
185872 60
133182 63
133185 63
20609 63
185873 63
20545 64
20602 63
185874 63
185875 63
185876 66
185877 63
20607 68
185878 63
26878 70
27086 67
27091 67
27088 66
27094 66
27077 83
185879 66
133703 67
23818 65
23360 67
185880 69
26549 65
23466 69
185881 63
185882 64
24674 72
24716 64
133825 66
133237 67
27395 65
27383 66
185883 65
185884 65
27223 65
27199 64
134207 65
24531 69
24384 65
185885 65
24374 68
27573 66
27216 66
28459 67
28457 66
29325 71
185886 66
29321 73
20613 67
29332 68
185887 64
25420 66
21355 66
21490 66
21139 67
24107 71
24105 67
25364 73
25386 67
25376 67
20770 70
23824 67
134568 70
25380 72
26569 68
23431 70
185888 69
24495 69
185889 69
21709 79
21707 73
21149 72
25150 73
25126 70
25149 72
185890 70
185891 70
185892 50
23960 51
26734 71
26745 71
23494 72
23634 71
23642 73
23493 82
185893 73
25185 73
24056 73
24094 72
23833 77
24050 73
185894 75
185895 77
21001 72
185896 73
185897 73
133311 73
21241 73
185898 73
185899 72
185900 72
24048 73
26463 74
185901 78
21011 80
21621 78
21365 78
21623 84
133364 80
20756 84
23898 89
23891 80
26886 78
185902 80
185903 80
27183 86
26989 82
27188 82
27184 85
26978 83
27075 82
185904 84
26689 83
134124 83
26707 83
27169 85
185905 82
185906 84
23660 84
23653 83
26977 83
185907 94
185908 85
185909 82
26975 85
185910 85
185911 97
25132 106
25165 93
185912 93
27030 103
27017 96
27035 94
27032 94
27025 94
27029 94
185913 95
185914 98
26704 100
26690 99
185915 100
26720 100
26535 108
26555 108
134225 108
134186 115
27260 114
26556 121
185916 121
28234 125
134408 124
134381 125
28326 125
185917 125
28327 125
28237 127
158655 126
185918 125
28333 125
89457 125
28334 126
28331 126
185919 126
185920 126
185921 127
185922 131
26743 60
185923 126
185924 73
24063 73
185925 42
185926 65
23696 21
27078 85
185927 56
23312 49
26736 60
133402 55
133331 67
133744 64
185928 64
185929 64
185930 64
185931 64
185932 64
133740 64
185933 48
185934 63
29323 69
185935 53
21675 64
25430 65
185936 40
23742 49
185937 49
185938 74
185939 74
26792 54
131318 51
8695 51
8709 56
8687 52
9271 51
185940 51
9285 51
8696 52
185941 57
185942 57
105065 71
104587 204
185943 154
185944 58
106919 52
105762 53
105763 53
85064 53
105155 62
105151 57
105168 89
185945 48
104275 70
115275 52
115163 53
115253 54
185946 60
185947 70
185948 58
115362 59
115363 55
115277 59
185949 56
115259 56
115307 57
115262 58
185950 56
115273 56
185951 64
105997 64
105925 58
185952 52
105926 54
105932 66
115738 57
106009 66
105918 70
105924 63
105929 67
105935 63
105923 61
185953 57
115276 56
105764 54
105768 53
185954 60
185955 60
185956 59
105934 67
185957 59
105995 59
185958 63
185959 55
185960 60
185961 56
185962 60
114561 57
105777 69
170838 69
185963 57
105799 69
185964 61
105957 63
105909 59
105914 58
185965 57
105022 67
185966 59
170958 61
107169 60
185967 63
104295 70
107357 70
107334 83
107337 67
107328 71
107323 73
185968 64
115226 61
115243 61
185969 61
114547 60
115500 61
114540 60
185970 62
105976 63
107040 61
185971 63
105893 63
105927 62
185972 62
185973 61
185974 63
185975 63
107128 64
107139 64
107104 64
107103 65
107125 64
107135 70
107119 66
107112 65
107088 64
107095 65
107091 65
107093 65
115753 64
173897 66
115722 65
173900 64
107099 65
185976 65
106013 66
107102 65
107293 67
185977 67
106021 66
107166 68
170846 69
105895 69
185978 68
185979 69
107170 69
170686 70
104404 69
104410 69
185980 70
185981 69
185982 70
104591 70
185983 70
55021 74
185984 58
185985 78
104399 75
104408 75
104400 76
104397 77
185986 75
104593 76
104499 81
185987 76
113343 77
104496 80
115334 79
115349 81
185988 81
173862 81
185989 77
185990 81
105912 83
114909 84
185991 85
104374 90
104368 90
104373 90
104412 90
104841 91
104689 91
104771 91
185992 91
185993 91
104801 92
104832 94
104692 94
104834 94
185994 94
104690 95
104691 98
104688 95
185995 94
185996 95
104281 103
104292 103
185997 103
185998 101
185999 110
186000 109
114302 110
114314 112
114288 109
170750 54
170851 68
104578 135
186001 135
108128 39
104936 144
186002 146
186003 167
186004 51
105134 50
186005 81
186006 52
104072 156
104068 156
104071 156
186007 156
104074 157
104073 157
104070 157
186008 157
186009 159
186010 158
186011 159
115960 161
186012 159
186013 159
186014 160
186015 160
173923 160
186016 162
105949 62
114113 207
104063 168
186017 168
186018 170
186019 202
186020 170
186021 135
115690 181
186022 48
186023 192
115689 182
186024 181
186025 204
186026 217
186027 217
186028 184
104389 196
186029 188
186030 182
186031 194
186032 204
186033 199
186034 214
186035 204
186036 204
186037 204
105933 66
186038 59
104600 91
186039 91
186040 55
186041 220
186042 204
186043 53
186044 81
186045 192
120682 54
120696 54
63351 51
63901 55
63987 48
63356 59
186046 60
63501 58
63502 57
63503 57
63506 60
175490 56
120202 67
64984 67
63850 78
63879 68
63311 67
63350 58
63318 68
65025 72
65026 73
175550 71
64756 61
64762 65
186047 61
64971 61
186048 62
64986 64
64998 65
65008 62
63529 81
186049 70
186050 66
180298 65
120360 60
65282 75
180331 75
175489 72
120676 56
63260 70
120260 61
120264 63
120266 61
120308 62
120385 63
64111 52
64118 52
120208 65
63373 67
64873 86
64879 86
64881 87
64883 87
63377 45
120434 60
64249 61
186051 57
186052 51
186053 69
175577 71
120702 49
175549 54
63989 51
63684 51
63905 53
120357 52
120355 52
120337 52
120332 53
186054 52
175554 52
120347 53
63722 53
63531 55
63257 54
63252 55
63249 54
63710 54
186055 55
186056 55
186057 55
186058 55
120198 58
176595 56
120236 58
120257 58
63451 58
186059 59
63701 59
64976 62
64999 61
186060 59
63804 61
64770 62
65363 64
186061 65
64075 66
186062 70
63980 69
120243 72
120314 73
186063 76
65017 78
63703 80
65160 96
65162 96
65145 96
119995 46
120322 47
120175 48
120169 49
120284 49
120280 50
186064 49
120063 47
120014 51
120003 50
63438 27
126283 49
126277 52
126275 50
186065 50
186066 49
186067 52
126267 57
126274 57
186068 57
126292 56
126538 61
126604 59
126605 60
186069 59
126610 63
186070 60
126542 60
126541 61
179613 60
126554 60
126588 59
126350 71
126420 70
126317 70
126422 69
126330 71
186071 69
126547 61
61928 75
186072 76
61938 76
62028 104
61993 105
61999 105
126545 59
62000 105
61949 105
62024 111
186073 72
186074 17
33724 20
186075 20
155312 20
186076 28
133767 28
8909 22
186077 24
186078 24
9981 22
140532 23
28790 22
8876 26
186079 21
186080 47
33754 23
14694 198
13657 34
186081 24
186082 25
63803 25
186083 20
14687 26
63756 31
14631 25
186084 26
186085 25
186086 26
186087 26
186088 28
186089 28
76149 24
136680 25
25088 26
141212 28
186090 25
186091 27
29510 35
29500 35
186092 30
29490 37
186093 28
75870 30
24009 29
186094 32
186095 32
186096 32
14697 29
186097 27
75749 30
141209 52
186098 29
39153 29
673 32
186099 30
186100 29
186101 31
186102 29
23370 32
86598 33
158151 33
76853 31
186103 33
186104 33
19460 34
186105 34
17593 34
186106 35
186107 35
186108 35
186109 35
186110 33
23879 41
186111 33
186112 33
186113 33
186114 35
186115 34
186116 33
186117 33
186118 36
186119 36
186120 33
186121 33
23899 33
68544 40
186122 33
186123 36
186124 35
186125 33
21898 36
21892 41
23921 34
186126 30
186127 30
94973 37
159876 35
186128 35
175496 34
186129 36
72245 34
186130 35
23933 34
186131 35
63907 35
186132 37
73189 35
73183 35
26587 37
186133 34
186134 37
72416 35
93250 32
186135 34
186136 36
135580 36
91678 36
91746 36
107497 37
130395 34
186137 34
5917 34
186138 34
5576 34
186139 34
186140 34
5931 34
186141 34
20938 34
186142 34
186143 34
186144 39
186145 39
186146 39
186147 39
17570 33
66569 36
186148 37
186149 37
186150 37
186151 37
23744 56
73148 38
186152 37
141324 37
106774 58
186153 58
186154 58
186155 58
131963 38
14092 40
186156 37
82656 42
186157 42
59850 39
145534 49
105994 34
107235 34
186158 36
86547 41
186159 40
186160 40
178949 40
116919 39
117133 39
125965 40
123596 40
186161 40
186162 39
13930 37
186163 38
72800 44
72798 44
72746 44
136417 44
72870 43
72989 40
186164 38
186165 47
76026 38
33267 39
186166 39
13564 41
186167 39
85084 39
186168 38
83351 43
126907 39
126367 40
129807 48
186169 39
186170 40
85340 48
186171 40
186172 40
186173 52
186174 40
186175 40
186176 40
186177 39
29470 40
33261 39
528 41
105767 39
186178 44
94419 40
17594 40
186179 40
67874 40
51353 48
186180 40
186181 40
63429 42
126831 42
126753 45
61839 41
105183 56
54057 47
107502 41
73286 44
107325 42
186182 42
186183 42
132001 42
186184 42
186185 42
64005 39
186186 40
186187 39
186188 38
186189 41
32862 41
186190 42
76235 42
37928 40
40362 40
14023 40
186191 42
72539 43
72533 43
186192 41
186193 47
186194 42
186195 42
12335 40
186196 41
186197 42
186198 42
186199 42
186200 42
64096 42
186201 41
186202 42
186203 42
134505 43
134504 41
133407 47
153067 47
186204 47
152122 46
152617 46
186205 46
186206 48
152071 43
186207 49
186208 47
186209 44
186210 41
68541 42
186211 43
186212 43
186213 43
186214 46
63505 41
63335 42
32551 42
120412 42
107326 70
133901 43
63933 44
111462 42
186215 44
186216 44
186217 44
33187 44
33186 43
186218 42
165426 45
165444 45
165423 46
186219 41
141217 44
186220 43
137662 44
68362 43
186221 43
97702 41
80417 49
97041 40
186222 44
186223 43
7649 43
26896 42
139792 47
186224 43
16277 42
186225 43
12992 43
186226 42
186227 42
186228 42
75943 49
12880 52
14678 54
13584 52
13681 54
13513 50
12961 51
154089 56
15350 46
186229 51
14692 53
12359 67
13350 48
186230 52
16671 45
32000 50
132284 53
33731 52
13942 52
12914 54
64105 46
186231 44
186232 45
186233 45
166721 48
186234 47
186235 45
186236 44
186237 44
186238 43
104274 46
186239 44
85090 49
85020 49
176624 46
186240 45
186241 45
14314 46
186242 44
186243 44
115743 47
63545 45
186244 46
21775 45
75855 45
186245 46
186246 46
75898 46
186247 45
75868 46
186248 46
186249 46
32513 48
85240 42
186250 45
186251 46
186252 45
186253 41
186254 49
107101 46
186255 46
107126 45
115734 47
186256 45
67061 48
67068 47
67070 49
67083 48
67084 48
67074 48
67075 48
67082 48
67071 49
186257 48
186258 47
186259 46
186260 46
186261 48
80297 47
27321 47
75874 45
131968 45
86105 54
186262 53
36567 53
186263 71
186264 63
186265 63
13932 50
13934 46
186266 48
186267 48
186268 47
186269 47
186270 47
186271 47
85822 49
85869 49
84362 57
186272 49
132641 46
158019 49
21895 63
186273 49
186274 49
186275 49
186276 49
186277 46
186278 47
186279 49
68481 47
68316 47
186280 45
26497 84
120413 47
139586 49
132163 49
106346 55
105117 60
186281 60
186282 80
186283 53
186284 48
68324 47
104318 54
104273 70
186285 44
186286 46
186287 46
186288 47
186289 47
32366 48
155951 52
32544 49
106328 55
24427 50
25367 51
186290 48
24263 47
186291 49
24405 50
186292 50
186293 50
186294 49
15332 49
97882 52
186295 52
104323 66
104302 54
186296 54
186297 54
84560 53
85122 56
84275 56
157735 62
186298 49
186299 49
145491 49
186300 49
186301 49
186302 49
186303 49
186304 49
186305 49
186306 49
85701 56
85708 56
85112 56
14148 50
186307 50
186308 49
186309 157
186310 53
186311 53
186312 49
186313 47
73070 55
186314 55
23808 80
107063 32
33733 22
115356 46
114194 47
154408 74
186315 108
131936 51
186316 51
12607 53
13544 51
15312 55
186317 56
13208 57
132105 57
13148 57
186318 61
186319 56
15313 57
186320 57
186321 57
186322 58
15823 54
16486 59
14679 45
186323 57
186324 58
186325 49
12743 51
186326 61
186327 62
186328 62
132166 63
12345 62
132555 65
186329 65
16929 65
186330 66
12941 67
186331 46
17087 71
186332 73
186333 81
186334 78
186335 79
12717 80
186336 78
13626 48
186337 89
16620 86
132323 76
16625 87
13498 52
132425 92
15285 50
16472 104
186338 111
186339 118
16385 125
14430 131
16377 134
13990 135
186340 24
186341 25
15322 147
186342 147
186343 147
186344 148
15516 51
186345 33
12557 108
131989 40
186346 40
186347 163
186348 166
186349 167
13968 47
186350 44
186351 44
186352 43
13999 40
186353 185
186354 78
186355 200
13918 36
186356 206
12211 54
186357 230
13921 55
186358 54
186359 53
186360 53
186361 53
186362 53
186363 45
186364 48
132382 277
186365 43
186366 43
12584 47
186367 47
186368 47
186369 47
186370 47
13883 47
186371 34
14983 52
186372 52
186373 43
186374 43
186375 43
186376 78
186377 69
186378 204
132353 204
186379 204
186380 49
186381 49
186382 49
186383 49
186384 49
186385 49
186386 49
186387 54
12850 68
14010 42
186388 42
13946 61
186389 75
132341 48
186390 43
186391 85
186392 50
186393 50
186394 50
186395 212
186396 212
186397 212
186398 43
186399 53
186400 69
186401 41
14397 41
14803 47
186402 233
186403 54
12448 54
14436 42
186404 50
186405 52
186406 50
186407 51
186408 53
15507 127
186409 128
186410 53
186411 52
186412 77
15534 180
186413 180
132230 51
186414 51
186415 66
186416 45
186417 51
186418 189
12219 65
13451 46
186419 51
13076 59
14278 45
155239 52
186420 52
186421 48
154880 57
153586 53
135056 56
32399 55
154796 56
32303 58
155332 59
186422 59
186423 60
32174 59
186424 60
186425 62
3005 59
154587 61
154712 60
186426 60
186427 60
186428 59
186429 66
31998 63
33207 61
154058 63
33710 63
154781 64
186430 63
186431 67
32178 63
154760 64
186432 64
186433 64
32351 65
153854 68
186434 69
186435 69
186436 70
154112 71
186437 71
186438 71
186439 71
186440 71
186441 72
155418 72
186442 73
180791 74
153720 82
154485 79
153973 80
186443 83
153409 83
186444 84
186445 94
186446 95
154213 48
33092 44
186447 52
186448 54
33105 51
33400 69
186449 72
186450 42
186451 43
186452 42
186453 54
186454 83
180852 45
186455 197
154583 198
186456 197
186457 198
186458 200
186459 200
154608 201
186460 211
154637 201
155082 202
33810 202
186461 205
186462 204
154785 204
186463 204
186464 205
163419 206
33369 206
186465 207
186466 209
186467 209
186468 210
186469 50
155498 214
186470 213
186471 212
154943 213
154555 214
186472 214
186473 214
186474 212
186475 215
186476 215
186477 215
186478 215
186479 215
186480 34
186481 219
186482 219
186483 219
186484 219
154051 220
186485 219
186486 219
186487 219
186488 219
186489 220
186490 220
186491 220
154924 221
186492 222
154895 221
186493 222
186494 222
186495 223
186496 222
155030 222
186497 224
186498 222
186499 222
186500 224
186501 224
186502 224
186503 224
186504 224
186505 225
155013 225
155014 228
186506 228
186507 228
186508 228
186509 219
155485 214
186510 38
186511 60
186512 45
186513 122
186514 201
186515 201
186516 201
186517 49
32261 47
186518 68
186519 68
186520 69
186521 68
169375 153
186522 95
169551 96
169314 98
186523 109
186524 114
162397 120
186525 119
186526 119
186527 120
186528 122
186529 129
186530 129
186531 131
141722 139
186532 129
169163 134
186533 134
165559 140
186534 141
186535 141
186536 161
186537 141
186538 142
166465 144
186539 148
162747 149
186540 148
186541 210
186542 149
186543 148
162488 149
165831 149
186544 149
186545 150
166900 150
186546 160
186547 158
186548 158
186549 150
186550 151
186551 152
186552 152
167164 154
186553 154
186554 161
186555 154
186556 155
186557 155
167236 154
186558 155
186559 160
186560 160
186561 161
186562 161
186563 162
186564 171
162686 170
186565 170
186566 171
186567 169
186568 169
186569 174
166644 173
167080 175
186570 175
162718 18
162715 177
164147 176
162734 183
162714 177
167207 174
186571 174
186572 180
166724 180
186573 118
169544 101
186574 118
63517 46
186575 55
139142 55
186576 56
186577 55
186578 55
186579 56
141018 56
186580 56
141014 61
141003 61
141313 61
139598 61
139153 62
141201 61
140145 62
186581 62
138089 65
186582 100
141860 102
186583 102
186584 105
186585 105
186586 105
141764 106
186587 108
186588 109
186589 54
186590 54
186591 54
186592 74
142063 74
186593 64
186594 51
94440 52
186595 55
186596 54
92961 54
5752 59
92847 55
159464 55
93427 54
186597 54
186598 56
94031 55
186599 55
162028 56
92842 55
92762 55
159261 56
186600 60
91438 62
186601 111
186602 111
186603 111
6411 111
6498 111
130736 113
186604 52
186605 49
186606 57
130617 60
186607 52
73122 53
186608 54
104807 53
72176 56
186609 56
186610 24
77253 55
84312 62
186611 61
84708 61
85087 56
85402 57
84644 62
186612 64
186613 56
186614 56
186615 56
157854 56
186616 56
186617 58
186618 58
186619 58
186620 62
84876 61
186621 57
73298 61
186622 61
72983 62
72524 62
73045 64
76849 63
68213 60
75243 63
136681 63
76128 63
186623 63
73504 58
186624 61
186625 61
72808 60
77085 61
72578 63
186626 63
72412 63
72556 63
76054 59
76712 60
76603 60
76752 60
75556 60
186627 63
186628 68
186629 62
72770 61
186630 65
136621 65
74067 63
186631 66
186632 64
136679 65
75237 65
84643 68
186633 65
84883 74
73343 67
186634 67
186635 65
72721 69
85130 68
157998 84
186636 71
186637 71
74807 76
186638 62
186639 92
170935 92
105807 92
170934 92
73816 99
73131 103
85618 68
186640 54
72824 42
84544 52
135453 53
69392 55
68568 54
186641 55
69391 55
67321 57
38483 57
67308 57
38425 57
69130 59
186642 62
186643 62
186644 62
186645 62
186646 67
186647 63
67430 62
186648 54
186649 54
186650 54
186651 54
186652 87
186653 82
186654 47
186655 48
186656 48
186657 54
186658 52
186659 53
25292 51
186660 49
186661 49
186662 49
186663 49
186664 49
186665 54
26503 54
133290 57
186666 55
186667 57
21578 57
25230 61
26907 50
186668 56
186669 57
186670 57
186671 56
186672 57
186673 62
186674 56
133904 63
186675 62
186676 58
25424 61
186677 59
186678 59
186679 59
26788 57
186680 61
186681 62
186682 78
26818 61
21368 61
133389 62
186683 57
186684 72
186685 59
186686 62
24127 65
186687 67
186688 60
186689 61
186690 61
186691 61
24644 65
186692 64
186693 64
186694 64
186695 64
186696 60
186697 64
186698 61
23594 64
24746 65
24731 63
186699 65
186700 65
186701 65
26749 60
186702 64
23476 63
26879 66
20909 71
186703 64
186704 63
186705 63
186706 66
25371 67
186707 69
186708 67
133259 67
186709 72
186710 78
27018 95
186711 126
186712 124
186713 126
24016 40
186714 39
186715 32
186716 32
29140 68
9479 53
9412 57
186717 53
110514 57
54128 46
105351 55
38934 57
114475 51
186718 60
114546 54
73387 64
186719 51
106542 71
186720 74
105150 74
115384 82
114803 87
113521 87
104371 91
114977 139
104579 137
104580 138
104582 139
186721 154
186722 144
104357 145
104061 157
114120 171
104094 161
114262 165
186723 158
104064 159
114177 162
115758 165
186724 164
186725 58
186726 49
170758 50
186727 54
170852 49
115345 56
186728 59
170849 58
106618 60
106704 60
186729 62
106142 80
113064 60
186730 61
186731 64
106282 58
186732 60
107181 68
105900 70
115729 73
186733 71
186734 71
186735 133
115641 67
186736 69
186737 71
55394 71
186738 71
186739 71
186740 73
54999 209
55417 74
186741 74
54996 75
55398 75
104877 77
186742 76
186743 76
104886 77
186744 95
186745 92
186746 92
186747 36
104517 138
172664 135
104514 135
186748 159
104048 169
186749 53
186750 53
107194 53
186751 62
186752 194
72077 53
104309 47
186753 223
104420 219
186754 57
114168 169
114227 170
173714 170
114141 170
186755 169
104359 203
186756 155
186757 89
129416 68
129411 69
63434 76
120275 49
63997 48
186758 64
120549 48
63622 36
63563 68
120664 57
63800 49
63717 49
186759 41
186760 48
120196 94
63291 52
63234 50
63361 51
176570 53
120339 59
186761 53
120223 54
186762 54
175461 55
186763 55
186764 55
63830 55
119979 55
186765 55
63313 56
186766 56
63307 56
186767 58
119981 58
186768 59
186769 59
186770 59
175486 58
186771 59
186772 60
186773 60
63221 61
63218 60
64948 61
186774 61
186775 61
186776 61
63645 61
64980 61
64845 62
186777 61
186778 60
186779 62
175054 64
186780 64
65362 65
186781 63
180290 63
64037 64
64994 65
65315 65
186782 64
186783 63
63551 67
186784 67
186785 25
64282 68
63492 68
186786 68
120244 69
63190 68
186787 69
186788 70
120458 73
186789 71
186790 73
63224 73
186791 74
60229 75
64923 77
64238 78
120316 78
63667 79
186792 80
65000 81
63681 80
64752 82
180286 87
64866 86
65034 73
64774 87
65150 95
126303 53
186793 77
61944 77
186794 77
186795 76
186796 103
62015 103
186797 103
186798 76
186799 52
94560 40
94261 54
187150 45
187151 54
94292 55
94279 54
94257 52
94260 53
94297 54
187152 55
93915 52
93899 57
93893 51
93910 57
94265 57
94585 57
94281 57
94264 57
94247 57
94566 57
94596 66
94580 57
187153 57
159502 57
108130 45
110706 47
187154 47
111092 47
111068 47
110850 47
108829 47
110663 48
110814 48
110469 48
110493 48
110506 48
110653 48
110817 48
109623 48
108650 48
110497 48
110540 42
187155 47
110588 52
110861 52
110503 52
187156 52
54716 52
110598 52
108576 52
108594 52
109507 52
110717 52
110418 52
110692 52
171334 52
110419 52
110535 52
110612 52
110471 52
110417 52
110614 53
110933 53
108685 53
110670 53
110652 52
110676 53
110594 53
110603 53
187157 53
111058 53
187158 53
110677 53
187159 53
110661 53
110673 53
110710 53
110699 53
110711 53
110909 53
108570 54
187160 54
187161 54
187162 54
187163 54
187164 54
110533 54
110494 54
110715 54
110430 54
110479 54
111789 54
110672 54
110656 54
111043 54
187165 54
111025 54
187166 54
110605 54
110770 54
54713 54
110536 54
111475 54
110423 54
110428 54
108644 54
110714 56
110761 55
171338 55
108663 55
112806 55
109043 55
108833 55
110687 55
109537 55
110666 55
110597 55
109244 55
110621 55
108760 55
110701 55
110662 55
110484 52
109509 55
110548 56
108577 60
110788 48
110671 56
110689 56
110615 56
110599 56
108581 56
110475 56
110590 56
108618 56
108648 56
110058 56
108850 56
111929 56
110604 56
109226 56
111110 56
110781 56
110526 56
110551 56
108656 56
110502 56
110511 56
108907 56
187167 56
111094 56
110665 56
108796 56
110500 56
110537 56
110416 59
110700 59
110777 59
187168 59
110765 60
110787 59
110859 59
108670 59
110854 59
108781 54
110696 59
187169 48
110840 59
110513 59
110685 59
110657 59
110659 59
108583 59
110607 59
110847 59
187170 59
110708 59
110709 59
187171 59
111024 59
171361 59
110618 59
110495 59
108943 59
110477 59
112780 59
110703 59
110617 59
54096 60
110771 60
110547 60
110783 60
111037 60
187172 56
110762 60
110852 60
110764 52
109240 60
110492 60
111234 60
187173 60
187174 60
110531 60
110769 60
110794 60
110478 60
110721 61
110601 61
112693 61
112376 61
112420 61
110705 61
110420 61
109272 61
110527 62
109510 55
110508 61
110654 55
110619 61
187175 71
187176 71
110549 71
110539 71
110782 69
110542 48
110681 54
110686 48
110694 59
110698 49
110726 49
187177 45
180747 57
32179 60
187178 61
187179 61
187180 65
180716 65
33224 65
33698 68
33545 70
33059 52
14653 70
13594 70
12853 65
162819 57
162821 57
162831 58
162839 57
162837 57
162833 57
162810 58
187181 63
94294 55
187182 57
187183 57
77076 64
187184 64
187185 67
187186 56
24503 60
133248 60
23582 66
26695 85
187187 70
104643 63
155293 16
155327 18
24422 26
23767 31
134604 35
187188 35
134601 37
187189 31
187190 35
187191 35
187192 40
187193 33
23366 34
187194 34
20743 37
33194 35
187195 39
187196 39
120892 36
33494 39
187197 39
187198 44
23087 45
23981 40
187199 41
85239 42
187200 45
165438 45
187201 42
94286 54
187202 46
187203 46
187204 44
33226 44
187205 57
187206 57
187207 57
187208 47
187209 52
11826 68
15197 90
14457 50
187210 124
187211 124
187212 168
187213 158
12846 162
16222 168
14700 24
187214 187
187215 188
187216 63
187217 41
187218 41
187219 41
187220 41
187221 41
187222 41
187223 41
187224 43
187225 68
187226 212
187227 204
187228 51
16622 70
187229 84
187230 71
11790 246
187231 61
187232 55
12761 72
15536 181
187233 41
13119 41
14212 54
187234 54
187235 54
187236 264
187237 149
187238 274
187239 274
187240 274
187241 274
15788 274
187242 304
131918 84
187243 14
32310 55
32499 58
187244 59
187245 60
187246 61
187247 63
32572 63
180768 63
187248 65
164875 77
187249 92
187250 123
155510 147
187251 64
32552 49
154559 199
187252 207
180863 213
154884 259
187253 284
154686 316
187254 51
33140 52
187255 291
165397 50
187256 50
165457 53
165432 54
165469 54
187257 65
165238 72
165193 73
165279 74
165194 73
165191 73
165190 74
165165 72
163404 72
163391 72
163395 72
163393 72
163295 72
187258 72
164934 73
162912 71
162913 71
164551 78
164554 78
164557 78
164886 81
187259 122
141699 122
141948 122
141593 124
169095 124
168879 130
141833 212
141932 131
166736 181
169321 235
187260 243
169182 250
168929 257
41868 257
163343 260
165401 291
187261 61
187262 57
143254 76
187263 54
93412 50
94480 53
93009 64
76280 54
73177 57
73167 64
187264 65
187265 64
187266 64
187267 64
85224 63
73280 64
75284 63
72873 67
83474 66
187268 65
84627 67
73121 158
73049 164
73462 162
83687 45
66160 78
79947 87
86960 85
90537 85
86972 84
90479 84
158654 85
90606 86
87427 86
87294 86
187269 86
23336 59
24632 54
187270 63
187271 60
25343 66
21403 66
187272 60
187273 62
21098 65
21091 64
21757 65
21093 67
21783 69
23737 70
133695 66
187274 68
24380 66
25133 84
20614 68
134236 69
25365 66
187275 77
134096 92
21987 98
22149 112
187276 134
187277 144
24021 145
27024 168
20824 182
28594 203
28620 223
21292 243
187278 243
187279 263
187280 88
187281 54
105402 54
105988 75
187282 74
187283 82
113179 88
107624 99
187284 125
187285 110
113491 61
187286 67
187287 67
115281 69
187288 94
104934 243
63819 78
63394 66
116026 44
12845 46
3765 42
115274 52
187289 45
72883 61
187290 46
187291 53
116035 46
153561 46
187292 46
14185 41
12430 46
187293 46
93334 47
63535 46
5609 46
187294 48
13068 48
64058 48
73320 48
68537 48
67032 49
109606 48
187295 48
104291 49
187296 52
135436 50
104306 51
68585 50
187297 51
187298 50
14809 53
110776 52
29298 44
22091 52
67965 54
14063 46
13519 53
104099 54
187299 53
23717 53
101016 49
24186 54
187300 54
187301 56
63652 54
154113 54
23384 54
157338 55
22098 55
187302 56
187303 56
67915 56
187304 58
105863 56
187305 55
187306 56
33834 56
20929 57
64122 58
20967 59
187307 52
187308 58
187309 57
187310 57
187311 58
21166 58
24723 58
187312 58
24308 58
34276 60
76919 60
64768 61
187313 60
16692 60
187314 59
83356 60
187315 60
187316 60
74957 60
63540 61
107041 61
187317 61
33497 61
107322 61
134084 131
85527 62
187318 62
24338 65
77094 62
187319 62
75360 63
120163 63
187320 140
68525 63
33230 62
187321 62
187322 63
26482 64
187323 64
34421 64
120556 64
65260 75
187324 64
31981 66
187325 66
21367 67
21905 68
187326 67
14029 68
119964 68
187327 68
23633 69
13527 69
73150 70
187328 69
187329 70
108105 71
132049 70
32742 71
6420 70
131967 70
68320 70
154184 71
187330 71
154193 71
13221 72
187331 72
187332 72
74810 72
187333 72
13309 72
26547 73
23440 74
13074 73
131924 73
27519 74
27863 75
63789 74
187334 73
32249 75
187335 76
104403 75
187336 76
187337 75
120239 76
62038 76
32309 76
34082 76
27006 77
187338 76
187339 77
38092 78
187340 78
187341 78
187342 78
21475 80
187343 80
120453 82
187344 81
115346 81
187345 81
187346 81
13342 83
180712 82
187347 83
187348 83
187349 84
90618 85
110809 84
153831 85
187350 86
111051 86
23652 87
166615 86
187351 86
16963 86
154484 86
187352 87
187353 89
32080 88
155458 89
14396 89
32233 89
16933 90
187354 90
153504 90
104551 90
187355 91
187356 90
23702 92
105051 92
73219 92
77288 92
154138 96
23692 93
187357 96
157746 98
187358 98
169330 101
65165 101
187359 101
187360 104
169174 105
187361 104
162235 109
187362 115
167223 121
164525 122
169640 125
187363 128
187364 127
187365 130
169143 130
187366 131
187367 130
89545 138
187368 138
39659 139
132365 142
141962 143
169018 146
15491 154
13343 155
187369 162
187370 164
115291 165
168891 172
162670 172
187371 173
187372 179
166820 179
115691 183
162725 184
166745 186
166838 188
16508 201
154907 206
154606 206
142598 211
144399 212
115699 215
67028 222
187373 227
74610 229
33397 265
187374 41
63909 51
63908 51
175527 51
63587 50
63585 51
63576 50
63912 56
63916 50
64018 50
63556 50
63561 51
63562 50
63402 52
63400 52
63396 51
63382 51
63387 51
63389 81
63910 50
120312 46
119994 46
120008 46
120016 46
120018 46
120214 56
175565 70
64116 64
64140 48
64114 63
64090 53
64089 65
187375 48
63308 48
63304 57
63312 48
175457 48
63316 58
63317 74
63338 60
120366 47
120370 48
120372 47
120377 47
120408 47
176608 54
187376 54
176609 47
187377 46
120418 47
120419 46
176610 47
120423 47
120424 51
120429 59
120430 47
64142 50
64141 48
64139 49
64138 50
64137 48
64132 49
175551 46
64030 49
64029 72
64028 76
64026 51
63897 50
23202 56
12280 67
15138 59
14328 62
12940 65
13297 65
14887 66
13318 65
12221 65
187378 66
16953 66
187379 67
187380 66
187381 67
187382 67
15133 67
12461 67
12402 67
187383 68
13399 68
187384 69
14689 69
131941 69
16555 69
12066 69
15463 69
187385 70
187386 70
187387 71
187388 71
187389 71
187390 71
13951 72
14562 73
12000 73
12139 73
187391 74
187392 74
187393 74
13408 80
187394 83
16691 86
187395 91
187396 88
187397 45
12449 64
187398 58
12137 58
12159 60
12148 67
187399 49
131945 61
12165 52
12169 52
12171 54
12173 71
12174 70
187400 58
12181 54
12183 66
12190 64
187401 64
12200 50
12203 64
12210 62
187402 60
12238 62
12247 65
12274 61
12276 57
12293 63
187403 64
12326 61
12334 64
12336 65
12338 64
12339 64
12354 64
12356 58
12360 54
12363 63
187404 62
12371 64
12373 61
12818 64
12379 63
131986 64
12384 62
13563 61
13567 60
13575 64
187405 57
13589 62
13591 59
13606 62
13623 58
13635 62
13648 56
13664 59
13666 63
13673 68
13675 58
187406 61
187407 61
187408 53
187409 64
13726 103
187410 65
187411 54
13755 65
13763 92
187412 62
187413 56
13771 54
187414 55
187415 57
187416 62
187417 64
187418 59
187419 55
187420 50
187421 65
187422 48
13808 62
13810 57
13812 50
13817 51
13818 60
13819 53
13821 53
13829 59
13830 61
13831 55
13832 50
13835 49
187423 54
14219 52
14226 57
187424 65
14227 51
14229 73
14231 51
14233 58
14234 51
14236 57
14241 53
14244 54
132245 47
14251 47
14270 52
14279 60
14291 50
187425 64
187426 56
14306 53
14312 62
14324 71
14325 61
14326 78
14329 61
14341 57
14342 55
132251 62
14349 61
187427 49
14355 51
14356 50
187428 53
14365 51
14367 49
132256 55
14372 58
14379 95
14386 61
187429 53
14390 50
14392 55
14394 62
14399 52
14412 59
187430 60
187431 54
14427 48
14454 57
14458 52
14461 64
14466 62
14476 60
14484 49
14496 61
14518 62
14519 62
14525 58
14523 61
14527 52
14528 56
14529 59
14530 47
14542 63
14557 61
187432 65
14567 57
14575 60
14588 61
14590 60
14591 62
14597 64
14666 63
14671 61
187433 63
14680 58
14681 61
14685 63
14688 59
14693 63
14695 64
14698 59
187434 63
14728 63
14731 55
14733 64
14734 61
187435 64
14742 56
14746 64
14748 60
14757 68
14759 64
14767 63
14769 55
187436 65
14772 57
14774 64
14776 52
14777 56
14778 58
14779 62
14786 59
14788 56
14796 62
14797 62
132315 64
14805 57
14806 57
14811 63
14812 59
14813 59
14814 60
14817 61
14818 59
14820 61
187437 63
14828 56
14829 56
14831 62
14846 62
187438 60
14864 62
187439 63
14871 62
14873 64
14947 57
14954 74
187440 53
14985 62
187441 62
15000 64
15006 62
15009 64
187442 64
187443 65
187444 64
15026 67
187445 50
187446 49
187447 48
187448 61
187449 49
187450 60
187451 50
187452 51
187453 49
187454 54
13923 55
13924 55
13933 53
13935 53
187455 55
13944 55
13947 56
13949 64
13950 49
187456 61
13956 62
132207 63
13973 57
13976 50
13977 51
13981 49
13982 60
13983 61
13984 56
13988 61
187457 54
13994 69
14003 50
14002 56
14013 55
14014 61
14033 49
14039 88
187458 53
14040 63
14041 49
14042 50
14071 53
14086 65
14104 55
187459 64
14135 58
14145 60
14163 52
187460 62
14176 47
14179 61
14182 48
14186 55
14188 50
14190 53
187461 49
14193 49
14196 55
14199 55
14205 48
14209 57
132243 50
16145 54
187462 58
12398 65
12400 63
12408 52
187463 57
12421 64
12424 58
12426 52
12428 61
12437 63
12438 55
187464 64
12446 59
12447 58
187465 62
12454 57
12458 69
12459 63
12460 58
12464 52
12476 65
12483 63
12484 60
12493 59
187466 64
12499 61
12597 55
187467 48
187468 61
187469 54
12589 75
187470 47
187471 77
14456 56
187472 64
13593 63
187473 53
187474 60
187475 59
187476 59
187477 53
16474 53
14826 63
13504 52
187478 52
13631 61
12861 63
13005 62
13008 52
13036 64
13050 64
13052 63
13061 64
13063 63
13072 63
13080 62
13082 60
13083 64
13088 64
13099 63
13100 64
13101 57
13116 58
13128 63
13129 64
187479 60
13139 62
13149 62
15119 55
15172 57
15173 58
15167 60
12506 63
12519 64
187480 52
12531 58
12537 81
187481 54
12540 64
187482 55
187483 55
12543 77
12544 64
187484 57
12566 55
12568 65
187485 58
12577 50
12579 57
12581 61
12582 63
12588 64
187486 63
12590 57
12591 52
12592 60
12599 56
12600 59
12601 59
187487 54
12604 59
12605 59
12606 59
12609 71
12612 55
12615 61
187488 64
12801 64
12808 64
12811 63
132040 52
12843 60
187489 60
12892 61
12457 58
12899 64
12907 57
12917 59
12937 84
12957 64
187490 58
12970 59
13002 67
187491 65
13163 68
13166 62
13169 77
13170 64
13171 62
13173 58
187492 62
13177 64
13187 67
13190 64
13191 63
13196 62
13198 62
13203 64
13206 62
13220 64
13229 80
13239 62
187493 62
187494 59
13270 64
13280 64
13281 64
13360 62
187495 63
13396 63
13397 79
13402 58
13405 58
13426 62
187496 61
13430 57
13445 62
13487 56
13488 47
13492 63
13494 59
13497 61
13499 61
187497 63
13501 52
13503 52
13507 71
132147 65
13524 54
13526 63
15005 62
13537 63
13541 57
13550 61
13552 64
13560 64
187498 52
13006 65
16148 187
13979 75
13201 64
187499 61
187500 64
13395 62
187501 58
12087 52
187502 49
132185 54
13422 67
187503 56
187504 63
14468 62
187505 54
15294 68
187506 65
12551 67
14845 61
14327 54
154019 64
187507 51
187508 52
12350 50
187509 63
187510 62
13655 57
187511 58
132113 69
12364 64
187512 56
14964 64
187513 60
187514 60
187515 64
12275 64
13559 64
187516 67
14747 64
13107 64
12570 64
16242 85
14151 64
13110 67
16204 67
14662 67
12534 67
12926 67
14384 67
13456 67
14625 67
14581 67
13358 67
12536 83
187517 50
187518 52
187519 66
14276 66
187520 66
13602 66
14272 66
14702 66
187521 59
14785 66
13425 66
132331 70
187522 69
187523 65
14600 68
12572 71
13674 68
13439 68
14513 68
14055 68
13670 68
12378 68
13608 68
12358 72
13197 68
15134 68
187524 68
187525 68
13424 68
187526 68
15288 68
13056 68
187527 64
12341 69
187528 70
12614 69
132151 69
13549 69
15101 69
13641 69
187529 69
187530 62
14522 69
132152 68
14843 68
14537 69
13533 69
13479 69
12490 69
12106 69
13568 64
187531 69
13102 69
14333 69
187532 62
13300 69
187533 69
13393 69
13624 67
14858 75
13195 67
14720 67
16177 67
13217 67
13145 67
14316 67
14856 67
187534 67
13189 67
13678 67
12101 67
132277 67
16317 70
187535 56
132167 68
187536 68
14781 66
187537 65
12149 65
14360 67
14836 65
14834 65
132287 65
13126 65
132310 65
14724 65
14568 65
14841 65
187538 56
12932 65
15168 81
14075 65
15178 65
15017 65
12195 65
13021 65
187539 65
12816 65
12347 65
187540 55
187541 55
187542 55
187543 65
187544 50
187545 51
16503 69
15124 69
15164 69
14343 70
14725 70
187546 70
187547 61
132159 70
14782 70
187548 51
13723 70
187549 71
13314 70
15111 70
15123 165
16287 52
187550 74
15104 70
16483 70
12300 71
14520 70
132322 70
12610 70
187551 51
13554 70
13667 70
12346 70
132101 70
132076 70
13574 70
13421 71
14644 71
187552 71
14584 70
14652 71
14474 70
16181 91
14339 70
16482 71
187553 71
16504 71
15118 71
187554 79
14638 71
187555 71
187556 71
13603 71
187557 71
13181 66
14085 66
14090 66
13630 66
13604 66
14802 66
187558 71
187559 64
187560 64
187561 62
187562 62
187563 70
187564 59
187565 59
187566 62
187567 56
187568 59
187569 53
187570 79
187571 64
132140 64
12271 64
187572 64
12564 65
12475 65
14452 65
14808 65
187573 69
187574 53
187575 65
12596 65
14387 65
13188 65
13038 65
14153 65
187576 58
187577 51
12854 65
187578 65
13612 65
12800 65
16332 65
12857 65
13484 71
13482 71
13103 71
187579 71
12218 71
13215 71
14560 71
132269 71
15310 71
13321 71
14976 72
187580 64
13622 71
187581 60
13363 71
12943 72
13037 71
187582 71
13571 72
12824 72
14499 72
13528 72
132148 72
15174 71
12839 72
13486 72
13347 72
132138 72
14783 72
13535 75
16140 73
12827 68
187583 68
12611 65
13307 69
187584 67
187585 69
187586 70
132311 70
13801 71
16485 70
15214 70
187587 53
187588 55
187589 56
187590 54
187591 62
187592 65
187593 57
187594 52
187595 60
187596 64
187597 80
187598 71
187599 71
187600 70
187601 81
187602 61
187603 59
187604 64
187605 55
187606 62
187607 63
187608 52
187609 63
187610 68
187611 66
187612 85
187613 64
187614 55
187615 63
187616 65
187617 66
187618 61
187619 61
187620 50
187621 64
187622 60
187623 56
187624 48
187625 58
187626 49
187627 71
187628 55
187629 65
132109 67
12550 66
14862 66
187630 63
187631 91
187632 53
187633 56
187634 53
187635 56
187636 52
187637 64
187638 64
187639 72
187640 68
187641 63
187642 65
187643 69
187644 66
187645 70
187646 70
187647 70
187648 54
187649 59
187650 55
187651 58
187652 62
187653 55
187654 68
187655 70
187656 56
187657 56
187658 62
187659 62
187660 64
187661 64
187662 66
187663 65
15127 70
187664 66
16319 59
15008 65
12223 65
14657 66
16488 60
187665 53
187666 60
14411 86
15344 52
187667 59
187668 58
187669 63
14824 64
15351 61
187670 64
187671 56
13210 91
187672 65
187673 68
187674 60
187675 84
187676 56
187677 62
187678 61
187679 66
187680 67
187681 47
187682 97
187683 60
187684 61
187685 59
187686 54
187687 82
187688 74
187689 66
187690 58
187691 57
187692 60
187693 66
187694 53
187695 60
187696 75
187697 75
187698 67
187699 62
12328 65
187700 57
187701 59
187702 55
187703 64
187704 64
187705 64
187706 78
12933 66
187707 72
187708 60
187709 52
12886 84
187710 59
187711 64
187712 64
14598 66
131953 65
12413 63
187713 62
187714 61
15291 50
187715 56
187716 62
187717 60
187718 74
187719 74
187720 78
187721 60
187722 66
187723 52
132279 66
13124 69
187724 50
187725 65
13406 79
187726 65
187727 59
187728 65
187729 69
187730 60
187731 64
12471 55
187732 66
187733 54
187734 66
187735 78
187736 52
12366 63
12617 56
187737 56
13111 66
187738 75
14443 66
16184 54
187739 71
187740 62
187741 58
187742 60
187743 50
13922 51
13443 66
14601 58
14183 54
187744 54
187745 59
187746 70
187747 64
187748 50
14473 66
13644 95
187749 50
16318 93
187750 68
187751 71
13155 63
187752 53
14189 54
187753 66
187754 68
13645 80
187755 52
187756 56
187757 59
187758 57
187759 58
187760 58
12263 65
16295 50
187761 53
187762 65
12163 55
14855 59
187763 81
14126 65
187764 60
16194 50
187765 52
187766 58
187767 54
187768 49
187769 51
187770 52
187771 64
14096 64
187772 65
187773 53
12442 57
187774 74
187775 58
14586 61
13368 80
187776 64
187777 54
13031 66
13418 81
12925 52
13530 66
187778 57
187779 79
13917 49
16200 51
15299 62
187780 61
13516 63
187781 68
14857 75
187782 52
187783 63
187784 63
187785 81
187786 62
187787 54
16211 49
16206 49
187788 50
12217 63
12307 65
187789 50
187790 65
187791 64
187792 57
13719 70
187793 60
132476 50
13438 55
187794 66
16310 91
187795 61
187796 62
187797 64
13398 75
187798 68
187799 64
14945 89
14218 54
187800 52
14704 52
13557 56
16284 48
187801 60
187802 55
13833 53
187803 54
187804 64
187805 64
187806 66
13108 63
187807 58
187808 52
187809 48
187810 52
187811 73
187812 79
187813 70
187814 53
187815 66
187816 62
13222 65
12348 62
14401 57
132300 66
14683 66
13649 75
13653 75
16215 57
15307 59
16266 68
15336 57
13543 63
187817 74
15175 60
187818 54
187819 66
187820 60
12462 67
13022 54
187821 60
187822 64
14369 49
187823 73
13375 79
132162 70
187824 62
187825 55
13580 64
187826 65
187827 73
187828 66
187829 91
16429 90
12204 72
12503 65
187830 60
14628 65
187831 48
187832 51
187833 56
187834 62
187835 85
187836 80
14723 55
13260 81
187837 58
15315 57
14301 50
187838 53
12188 62
16191 50
187839 68
187840 71
12838 66
187841 60
187842 63
12443 66
12583 59
187843 58
16279 82
13172 65
187844 50
13992 59
12192 63
12401 54
187845 49
187846 56
187847 57
187848 59
187849 55
187850 92
187851 56
13075 75
15279 54
14113 54
14455 62
187852 60
187853 64
13582 64
187854 64
13583 65
16147 79
187855 50
187856 50
187857 55
187858 48
187859 55
16386 60
187860 59
12415 64
12403 65
187861 66
13194 73
187862 47
187863 73
187864 57
187865 52
12270 57
187866 64
15016 59
15177 60
14471 61
132317 60
187867 61
187868 53
187869 57
187870 55
11740 78
187871 66
187872 54
187873 64
187874 90
187875 65
187876 59
187877 60
187878 63
12830 66
187879 60
187880 65
187881 62
187882 62
187883 62
187884 62
16190 118
187885 50
187886 60
14267 55
187887 50
187888 90
12492 59
187889 81
16296 53
13404 75
187890 54
15308 62
132252 97
187891 78
12119 65
187892 49
187893 49
13562 60
13213 65
15300 58
187894 56
187895 63
187896 63
187897 57
12387 52
14077 60
187898 60
14740 64
12102 65
14374 54
187899 48
187900 60
12375 63
187901 61
187902 49
14768 75
187903 61
11753 83
187904 49
187905 50
187906 49
187907 64
187908 48
132471 88
187909 63
13442 75
187910 53
187911 78
187912 61
187913 81
187914 80
187915 51
13539 62
187916 54
13457 57
187917 58
187918 64
14479 66
187919 56
187920 53
13592 65
187921 57
187922 85
187923 62
187924 54
187925 60
187926 62
187927 52
15301 56
187928 52
187929 56
12320 66
187930 58
12193 54
187931 51
14636 62
187932 48
187933 85
187934 65
132125 85
187935 48
187936 51
13090 67
187937 78
13366 79
13668 66
16315 117
187938 56
13538 65
15293 65
187939 72
187940 48
187941 56
12151 59
132496 104
187942 56
14743 79
187943 70
12144 58
187944 48
187945 64
187946 65
187947 69
187948 62
13093 66
187949 56
187950 59
187951 66
14118 50
187952 54
16400 48
187953 56
14716 63
187954 65
187955 57
187956 63
12425 64
187957 71
187958 52
187959 47
187960 61
187961 55
14419 54
12161 65
187962 56
187963 58
187964 63
13523 52
187965 61
187966 54
187967 53
14345 66
187968 52
15125 56
15343 56
12487 58
13348 84
187969 54
15012 90
187970 54
187971 55
187972 50
187973 68
187974 53
187975 60
16154 65
187976 50
187977 54
187978 54
187979 53
187980 65
187981 63
187982 65
187983 62
187984 63
187985 65
187986 52
187987 83
187988 59
187989 59
187990 56
187991 49
187992 59
12613 59
16308 82
187993 58
187994 59
13566 65
187995 78
14739 65
187996 51
187997 71
13150 73
187998 66
187999 51
188000 53
188001 59
13263 82
16139 55
188002 65
14756 65
188003 61
14000 61
188004 50
188005 56
188006 63
16180 62
188007 50
13836 84
188008 53
188009 82
188010 50
188011 59
188012 66
188013 50
14870 82
188014 61
14198 52
188015 72
188016 54
188017 60
188018 51
188019 65
188020 65
13692 78
188021 52
188022 48
188023 54
15340 56
15335 56
188024 67
188025 59
12406 62
188026 60
188027 66
188028 62
13306 69
188029 56
13060 66
16273 50
188030 59
188031 53
188032 54
188033 63
188034 61
188035 85
13450 65
15334 49
13351 82
188036 50
13180 63
13654 75
15309 59
13302 73
14773 66
188037 57
14258 49
14800 55
188038 53
188039 48
188040 58
16138 52
14972 75
14395 97
188041 66
188042 60
188043 60
188044 70
188045 56
188046 55
188047 68
14524 78
132188 53
188048 63
188049 55
188050 89
188051 56
188052 60
188053 55
188054 94
188055 84
14302 66
16195 117
188056 55
13159 81
13401 79
13423 96
13683 79
188057 62
188058 60
14256 49
188059 60
188060 49
14672 61
188061 65
12972 51
13071 70
188062 78
188063 68
188064 57
188065 53
16168 56
188066 57
188067 55
12521 66
14577 66
188068 53
132126 80
188069 52
188070 50
188071 65
14789 62
13547 61
188072 57
188073 62
188074 78
188075 78
188076 49
13650 75
14093 67
188077 75
188078 62
13577 61
188079 80
188080 52
16214 65
16433 59
188081 62
13294 78
188082 60
188083 50
188084 67
188085 64
188086 60
188087 56
14119 62
188088 76
188089 63
13118 66
16309 112
13996 62
12507 52
188090 63
188091 62
188092 59
188093 64
188094 61
188095 66
188096 54
188097 65
188098 69
188099 55
14133 66
188100 55
12832 70
188101 51
188102 66
188103 60
188104 59
188105 58
13086 51
188106 57
16196 49
188107 68
12497 62
188108 58
188109 56
16291 48
188110 52
13354 83
188111 78
14874 76
14359 50
132010 67
188112 79
13441 59
14502 65
131980 66
12969 59
15330 49
132372 53
14354 50
188113 63
188114 70
188115 65
12806 62
188116 62
188117 51
188118 81
188119 53
188120 72
14017 66
13454 60
13135 66
188121 53
188122 66
16157 91
188123 62
188124 71
188125 57
188126 79
16478 66
188127 68
188128 50
188129 56
16292 51
132144 56
188130 62
12823 68
14332 66
188131 65
13087 97
14566 63
188132 50
16265 57
188133 66
188134 61
16498 66
14422 65
188135 62
188136 91
14142 66
14872 101
188137 66
12622 63
188138 71
188139 64
188140 60
188141 60
12172 99
13019 66
15352 60
188142 69
188143 55
188144 65
188145 72
188146 55
188147 52
188148 64
188149 62
188150 53
131942 71
188151 63
188152 66
188153 82
14052 66
188154 62
13514 61
14536 69
188155 64
15314 55
12879 65
188156 85
188157 61
16487 59
188158 64
12399 52
188159 52
188160 66
188161 52
188162 65
15002 62
188163 58
188164 52
188165 52
14770 62
12240 251
13628 66
132078 52
188166 68
12272 63
16219 59
188167 51
13192 74
188168 62
188169 63
188170 71
188171 65
188172 63
12821 66
12136 55
12594 56
16281 55
188173 54
188174 61
16218 58
15341 59
188175 66
132112 85
12138 63
188176 55
15018 60
12513 56
16328 90
188177 62
188178 65
188179 57
188180 57
12147 74
188181 65
188182 64
13032 66
14174 51
188183 78
188184 55
13620 62
188185 74
188186 60
188187 60
188188 55
13971 54
188189 54
188190 60
12849 104
188191 62
13025 67
188192 71
188193 60
188194 54
188195 90
12561 58
188196 50
188197 75
188198 81
16213 59
13585 63
188199 54
132123 78
188200 60
14595 65
188201 78
188202 67
188203 59
13607 78
188204 66
16158 54
188205 54
15511 150
188206 89
188207 59
14170 48
15029 69
188208 65
188209 78
14296 66
13341 84
12207 64
188210 71
188211 57
13823 51
188212 61
188213 53
188214 58
188215 59
188216 52
13428 61
188217 65
188218 50
13614 64
188219 68
188220 57
16293 174
132314 79
15329 53
188221 73
188222 65
188223 49
12621 89
188224 65
188225 54
188226 65
16146 65
188227 53
13362 78
188228 78
13510 59
15338 51
188229 57
12964 62
188230 78
13113 66
14149 51
188231 54
188232 66
14835 61
188233 81
188234 68
188235 60
188236 65
188237 82
188238 66
13293 73
16216 59
188239 56
14221 56
188240 59
188241 62
188242 60
188243 54
188244 52
188245 59
12478 65
16198 67
15475 53
188246 66
188247 67
188248 66
188249 68
188250 67
188251 56
188252 54
188253 65
188254 69
13233 81
188255 59
188256 80
188257 56
188258 70
188259 66
13147 63
188260 56
12261 65
14064 60
188261 55
13966 56
188262 49
188263 51
188264 57
12558 81
188265 52
188266 54
188267 48
188268 60
188269 53
12527 75
13130 65
12560 67
14336 80
188270 56
188271 64
131943 54
188272 71
188273 66
188274 66
188275 66
188276 51
188277 58
15281 117
16269 53
188278 53
13374 99
132309 62
188279 56
188280 58
188281 66
13625 67
188282 56
188283 53
16227 104
188284 59
12170 58
188285 63
188286 63
188287 57
132261 60
188288 58
188289 58
188290 60
12524 74
188291 54
188292 53
188293 60
14545 75
188294 71
188295 66
188296 57
188297 60
188298 62
188299 65
188300 52
188301 60
188302 64
188303 67
188304 50
188305 56
188306 57
188307 55
188308 61
188309 58
188310 58
188311 56
188312 60
188313 48
188314 66
188315 70
188316 59
188317 56
188318 54
188319 69
188320 56
188321 61
188322 52
188323 66
188324 50
188325 50
13601 81
14361 53
188326 55
188327 82
188328 66
188329 63
188330 71
188331 49
188332 70
188333 75
188334 51
188335 51
188336 54
188337 51
188338 60
188339 60
12598 73
188340 71
188341 67
188342 63
188343 65
188344 54
188345 61
188346 61
188347 54
188348 74
188349 67
188350 74
188351 54
188352 60
188353 54
188354 52
13440 70
188355 62
12357 69
188356 54
16278 74
188357 82
64071 69
77082 65
14677 69
13669 70
8565 53
120303 49
64776 65
63485 51
63484 51
63482 74
175481 51
63476 52
63473 51
63430 50
119972 54
120110 54
176550 54
120116 54
120111 53
120570 53
120665 54
120669 62
120671 63
176638 54
120675 54
188358 63
120677 54
120688 55
120689 55
188359 55
120694 54
120695 78
120698 54
120699 54
120700 62
120060 54
120074 53
120082 54
120255 54
120256 54
120261 54
120283 54
120293 53
120296 53
188360 54
120311 54
120315 53
120342 54
120349 54
120362 62
63348 57
63355 56
188361 79
63362 65
63225 73
63597 44
63903 55
188362 70
188363 56
188364 55
63925 70
188365 78
63932 80
188366 70
63941 65
63945 70
63946 82
63947 73
188367 56
188368 55
63988 73
63990 70
63993 65
63999 55
64048 69
63342 55
63496 59
63510 60
188369 78
63537 56
63519 56
63522 56
63525 76
63527 56
63533 56
63534 55
188370 83
64280 56
64401 56
120359 69
120389 56
188371 75
63520 56
188372 58
120221 56
120200 57
120186 62
120187 62
188373 62
180295 63
120204 57
188374 63
188375 63
120305 78
175521 63
63849 63
63851 64
63852 78
188376 69
63855 69
63248 72
63255 72
175443 72
63259 71
63266 71
63270 72
63324 72
63330 69
188377 72
188378 77
63332 72
175475 33
63428 72
63431 72
63443 71
63444 72
63446 72
63448 72
188379 78
188380 74
63188 70
175437 71
63202 71
63222 71
63490 72
63491 59
63493 62
175487 60
63498 71
63499 59
63500 76
63504 75
175488 60
63509 60
188381 64
63306 64
188382 89
188383 72
64247 79
64253 72
64254 71
64255 91
64259 75
64260 77
64265 80
188384 81
64271 80
175578 71
64274 72
64277 72
64278 77
175579 59
63314 65
64402 56
63347 48
175485 44
63575 44
120246 72
119963 74
119970 73
120017 72
188385 79
120530 74
120548 71
176627 72
120550 76
120551 73
120552 73
120555 70
120647 76
120147 78
64819 90
64835 73
64837 73
64842 73
64920 73
64988 66
65019 73
188386 73
65020 73
65021 73
180300 75
65022 74
65029 73
65030 73
65032 73
65033 73
65035 74
65036 74
65037 73
188387 64
188388 74
63214 75
175452 78
63450 51
63462 64
63466 64
63454 51
64143 86
63186 73
63187 73
63191 73
188389 78
63200 69
188390 73
63207 73
63209 65
63210 69
63211 73
63212 73
63217 78
63229 73
188391 75
63235 69
63243 78
188392 73
63286 57
188393 74
63288 76
175448 73
175451 73
175453 49
188394 72
63293 72
63603 73
63605 81
63282 73
63609 74
188395 73
63612 84
63623 73
63633 81
63636 73
188396 78
188397 53
188398 77
63700 73
63708 63
63744 74
63747 74
63748 74
63751 74
63926 75
188399 75
188400 74
63961 74
63971 74
63977 76
63978 76
188401 75
64070 69
64754 62
64755 62
64761 62
64769 68
64772 62
64990 66
64991 62
65011 73
63526 60
63528 70
63546 70
63554 70
63591 70
63596 70
64208 70
64759 65
64973 65
64978 66
180296 67
64989 66
188402 67
188403 73
65006 66
65010 66
188404 60
63497 69
63508 59
120344 59
120345 59
120348 59
188405 60
120351 60
188406 75
65211 75
65212 75
65221 75
65220 76
65224 75
65223 75
65246 76
65253 75
65254 76
65255 76
65256 76
65257 76
65258 75
65259 75
65275 75
65269 75
65283 75
188407 76
64820 62
64824 61
64839 63
188408 63
65007 62
63552 68
63559 68
64027 68
64031 68
64032 72
64033 68
63626 76
63630 58
63639 77
63653 76
63655 76
63656 85
63661 76
63670 76
63672 76
63679 76
63691 78
188409 77
63741 76
63753 77
188410 76
63760 74
120229 72
120234 76
176583 76
120290 76
65012 63
120300 77
120302 76
176588 76
120304 76
120307 77
120397 61
119962 58
119967 57
119968 82
176525 72
119973 58
119974 69
119975 58
119976 58
119977 59
119983 58
188411 76
120037 59
120663 59
120670 58
120683 58
120306 46
120309 46
120320 61
63192 70
63195 70
63196 71
63199 63
63203 69
63215 75
63220 69
63226 63
63228 65
63230 71
63232 69
63250 69
63251 69
63254 70
63256 69
63263 70
175446 69
63267 70
63269 72
63272 70
63752 79
63959 70
63960 70
175536 69
63962 70
63963 71
63964 63
63966 69
188412 70
63969 71
63970 70
64044 70
63651 77
63772 80
63773 77
63781 77
63794 80
175511 77
63797 77
63801 77
63805 81
63806 77
63809 77
188413 77
188414 74
63815 77
188415 78
175516 43
63861 77
188416 78
63799 49
175517 81
175512 77
120216 77
120217 77
120329 57
120330 77
120333 57
120336 77
120367 77
176598 63
120379 77
120383 78
120384 77
63775 43
63776 43
63777 43
63778 43
63779 43
63825 43
120226 71
120228 62
120230 61
120231 64
120232 61
120233 61
120247 61
176575 60
188417 78
120378 63
120409 61
120225 68
120245 68
65294 65
65295 65
65310 65
65326 71
65327 90
65328 65
65330 67
65346 67
180336 66
65357 66
65359 66
65360 66
65367 66
65369 66
65373 66
64091 53
64051 50
64119 56
188418 79
120199 67
120201 64
120206 66
120211 64
120219 68
120220 65
120222 74
120241 64
180268 64
64821 86
64833 64
64878 64
63995 67
64000 66
64001 79
64065 66
64066 69
63739 66
63743 66
175507 66
63944 46
175534 66
63965 66
188419 68
63968 66
63973 66
63976 69
64043 66
64050 70
64059 66
64060 66
64063 70
64069 69
64072 69
63322 86
188420 82
63388 77
63395 49
63398 66
188421 83
63405 67
63406 67
63411 78
188422 67
63464 51
175532 70
63938 69
63939 83
63940 69
63943 46
64042 46
64760 66
65004 66
63848 88
63862 82
63866 88
175523 82
175524 78
63870 82
63871 82
63872 79
188423 78
188424 82
120012 46
120048 79
120170 46
120171 46
120185 46
120291 46
63646 71
63648 72
188425 71
188426 71
175500 82
63658 74
63663 74
63664 76
63668 71
63671 71
63673 74
63693 74
63694 79
63695 71
175502 71
63698 71
63699 71
63702 71
63718 71
63719 74
63720 74
63721 71
63728 73
63729 71
63732 71
188427 71
63734 74
63735 71
63737 71
63738 75
63758 69
63762 78
175509 62
64992 80
188428 80
65009 80
63309 49
63340 49
180267 83
64775 90
64764 85
64766 85
180269 85
64773 88
64863 86
64867 86
64868 87
64869 87
64870 86
64874 86
64880 87
64882 87
64885 86
64886 87
64888 88
64896 86
188429 86
63774 43
63784 42
63785 42
63786 74
63788 42
63810 42
175513 43
63884 82
188430 51
188431 51
63459 76
63467 51
63657 78
63378 45
63381 81
188432 45
188433 45
63280 80
63391 45
63404 45
63410 45
63472 44
63474 45
175483 45
63823 43
63583 44
188434 45
63590 44
63593 45
188435 45
188436 46
64046 46
120083 46
188437 46
176591 47
120368 47
63346 49
63662 49
64011 50
188438 50
63922 51
64100 52
188439 52
175557 53
64192 54
63955 55
176643 55
188440 55
63676 73
188441 56
175553 56
63296 57
64313 57
175508 57
63538 58
120373 58
188442 58
120278 59
176594 59
120363 60
175559 61
64085 61
120029 61
176597 62
63513 63
120386 63
120576 63
63515 65
120203 65
188443 74
188444 65
63242 69
120356 70
63301 71
64045 71
175438 75
63486 75
63967 72
120341 72
63705 73
120537 73
63383 74
63757 74
65331 74
63754 75
120023 75
64826 75
188445 75
188446 75
175542 75
120534 75
63237 76
188447 76
64285 77
188448 77
188449 78
63975 78
188450 78
64911 78
188451 78
188452 79
63620 79
63730 79
63767 79
64127 79
176620 79
63688 79
63677 79
64283 82
63417 81
188453 81
188454 82
63709 82
63873 82
175541 82
64097 82
176581 82
188455 82
188456 82
63365 83
63876 83
64112 83
120324 83
188457 83
188458 84
63863 85
188459 85
188460 85
188461 87
63511 89
188462 89
188463 55
188464 58
63574 44
63586 44
63487 45
63518 56
120354 56
120390 56
63300 57
188465 58
188466 65
188467 76
65148 95
65149 95
65158 95
188468 95
65173 95
180318 95
188469 91
64098 91
188470 42
188471 53
64115 82
65226 76
188472 77
63368 90
188473 55
188474 66
188475 45
63606 73
188476 68
188477 84
64261 89
188478 90
63857 88
63589 70
188479 51
188480 61
64757 161
64834 65
120369 62
176563 61
63949 55
120210 57
188481 71
176645 63
120571 63
188482 72
120292 76
188483 24
188484 81
63770 78
63297 79
188485 83
188486 16
188487 63
188488 83
126416 72
126417 73
126351 71
188489 64
126589 61
126608 62
179623 63
126646 63
188490 62
179605 62
126553 64
179612 64
188491 64
126548 64
126549 62
126296 52
126287 51
188492 51
179574 51
188493 52
126271 52
126297 52
126302 52
14735 54
188494 54
14737 54
126272 54
126300 52
126299 52
14539 53
126295 52
13062 54
61930 77
61990 78
61984 77
61973 78
61979 76
61981 78
61982 77
61983 78
61775 78
62030 78
61934 78
61781 77
61784 78
126552 64
61976 78
188495 78
188496 77
126310 52
120004 75
