66439 2
135235 3
80753 5
33775 5
66482 5
155306 6
23693 7
186800 8
186801 8
186802 9
73092 9
24439 9
110510 8
32421 9
140538 9
152699 9
186803 8
186804 9
107757 10
73113 10
186805 10
108127 10
144058 10
186806 11
143283 10
65708 10
186807 11
63927 11
63831 11
16437 11
33732 11
76236 11
38576 11
120690 11
14224 11
33756 11
14701 11
94241 11
80752 12
14634 11
14665 12
7731 12
155105 8
63787 12
13540 11
141125 10
81795 12
14619 12
32506 9
155294 13
73172 11
29486 13
155288 13
24015 8
186808 13
23814 12
33725 12
7630 14
63860 14
23689 13
133723 12
63323 13
92767 13
175497 12
73309 14
23699 13
75222 14
14137 11
32380 14
23853 14
23708 15
73168 15
186809 15
14876 12
186810 14
14599 11
14606 16
32505 16
133691 16
186811 16
14675 15
165445 16
132651 15
42296 17
63331 15
75858 16
186812 16
14690 17
33006 17
63397 17
64062 16
186813 17
132285 17
23686 17
26545 16
12115 17
23687 16
186814 17
17628 17
186815 17
110421 17
65651 17
186816 18
12809 18
72249 18
14482 18
14699 17
17595 17
23357 17
108129 18
14271 18
63611 18
12565 18
39055 18
186817 11
94278 18
63403 17
63641 17
14775 17
39118 17
63796 18
110760 19
143327 19
33216 18
66176 18
13954 18
110529 18
29275 19
63808 19
33491 19
14602 18
14288 18
12944 19
33144 19
63615 19
14614 19
63675 20
21889 19
14259 19
63617 20
186818 20
85063 20
186819 20
14012 20
186820 20
186821 19
12100 20
64047 19
16144 20
67934 20
12168 20
155287 19
12086 20
63928 20
186822 19
186823 21
23857 20
14172 19
73170 20
14217 20
23890 20
155094 21
132492 21
133711 18
72244 21
63828 21
12951 20
39148 18
16017 16
14184 21
94464 21
12256 21
158941 21
141124 19
186824 19
186825 20
69137 22
106776 22
186826 22
24007 21
155291 22
132215 22
14616 22
23963 22
24034 22
32467 21
64135 22
14620 13
135608 22
12989 22
12813 21
12920 21
91786 22
14450 23
93641 22
12232 22
186827 23
63618 23
12502 22
14141 22
13015 23
68317 23
13051 23
132258 23
175499 23
33090 23
32376 23
63697 23
63326 23
14275 15
5794 22
14798 23
39147 23
186828 19
186829 22
12110 24
133655 23
12266 24
20930 24
106323 22
14483 24
66566 24
132037 24
132652 24
14121 24
12235 24
13053 24
186830 24
12393 52
63481 24
63386 24
63820 24
33219 24
23856 24
14617 20
63607 24
186831 16
186832 24
106313 24
23978 25
14060 24
110851 25
186833 25
132066 25
132295 25
79454 24
23895 25
75956 24
186834 25
186835 25
107790 24
12282 25
12254 25
63826 25
105917 23
67932 25
138534 25
24047 25
107714 24
79951 25
14446 24
186836 25
110422 26
32515 26
33150 25
186837 26
165436 26
63821 24
25374 26
63991 25
186838 26
115353 26
139655 22
155100 26
16270 26
93559 26
14228 26
16473 26
14053 26
94582 26
132329 26
42445 27
165422 26
186839 24
63425 27
75944 25
23970 27
67019 27
94266 23
63216 21
33492 27
23979 26
63461 27
32431 26
14232 26
186840 27
27556 27
109588 27
186841 27
63427 27
21782 27
63986 27
5799 27
12947 28
32359 27
33257 27
155452 28
67935 27
63328 21
186842 27
110546 27
67869 28
12950 27
186843 28
63419 15
23878 28
63463 28
36579 28
63452 28
186844 28
13925 28
12837 28
12258 28
14115 28
12116 28
23499 28
13018 26
94239 28
12804 29
75863 29
14334 29
186845 29
12111 29
132139 27
165408 29
132068 29
63929 29
63219 29
186846 29
12990 29
13078 29
14667 29
67436 29
14171 29
85061 29
32948 29
186847 29
12841 29
186848 27
14066 29
75909 18
186849 18
186850 29
23367 29
14225 28
12960 29
63812 29
14274 29
186851 26
63393 28
63610 29
12948 29
133722 29
14362 30
186852 30
12434 29
63453 30
16261 30
132067 30
14260 30
32857 29
16475 30
132065 30
93291 30
14277 25
186853 30
186854 30
33089 30
29268 30
14969 30
12842 30
14216 30
186855 30
171339 29
83702 30
13490 30
14207 30
14144 30
72530 30
14032 30
186856 30
14213 30
63241 30
32444 30
186857 30
68328 30
14059 30
23848 30
14103 30
76224 30
66175 29
14648 30
13939 30
12851 30
63780 29
110578 28
186858 30
94284 30
93556 30
14050 31
12321 31
186859 31
14967 29
14051 31
26865 30
186860 22
13957 30
14491 31
12974 31
12973 31
14968 31
14120 31
63685 31
63478 31
14478 31
63460 20
14357 31
14352 31
115268 29
33158 31
29284 30
63930 31
105804 31
14623 31
64049 30
14255 31
16280 31
14460 31
68387 31
186861 31
186862 31
32542 27
154008 31
14615 31
141195 31
33184 30
154330 31
132229 31
13824 31
21763 31
13916 30
135331 31
13433 30
186863 31
23980 28
94228 32
63813 32
120420 32
23811 32
64076 32
108125 31
14801 32
33091 32
63659 32
103897 32
68335 31
75869 32
24339 31
105765 31
32860 32
14156 32
13085 32
93330 32
12296 32
21078 32
132226 32
68542 32
16298 32
155328 32
74093 30
186864 30
186865 32
12998 32
12140 32
12094 32
14438 29
63407 28
63637 32
74520 33
186866 33
73185 14
132267 32
12390 33
14447 32
12202 33
14363 33
13520 33
42050 33
12318 33
63433 33
14609 33
63638 33
13919 33
12520 33
186867 33
131949 33
63415 33
120422 32
73268 33
132228 33
12298 33
13437 33
75860 33
186868 33
67058 31
75912 33
12423 33
33740 33
154118 33
12262 33
186869 32
132052 22
85824 33
186870 33
14375 33
63660 33
33182 33
170986 28
67024 33
63625 33
186871 33
186872 34
13964 28
63455 34
104307 33
25427 34
186873 34
186874 33
120286 34
12805 33
186875 34
21788 34
14366 34
12949 34
186876 34
12229 34
14073 34
24003 34
76271 34
14102 34
132296 34
12306 34
132056 34
186877 34
33151 34
14990 34
26494 34
12736 34
132014 34
33205 34
175498 34
144407 34
12928 34
12575 34
14444 34
14263 34
32393 31
16272 34
12571 34
12889 34
14459 34
6044 34
186878 34
92765 34
32384 34
153648 31
12317 35
14210 35
14691 35
14383 35
68315 35
15333 33
14603 35
63994 32
63696 35
132336 35
135325 35
186879 35
12913 35
154691 42
27469 35
186880 35
12289 35
64035 35
63289 35
63458 33
14469 34
13929 35
25186 36
14095 28
12117 35
186881 35
91068 35
63384 35
132316 35
13598 35
83651 32
12231 35
63201 35
33212 35
186882 35
63409 35
36566 35
68325 33
186883 35
132060 36
33051 35
14364 35
94477 33
12820 36
12976 36
132079 36
12114 36
186884 36
14607 36
26468 36
23378 36
14054 36
25329 36
63258 36
12088 36
134282 36
34334 36
25410 36
154207 36
14995 36
13070 36
27553 36
12898 36
32565 36
12440 36
115357 36
131966 36
186885 36
107321 36
153650 36
67925 36
68312 36
12931 36
13629 36
14645 36
12394 36
32537 36
63521 43
32075 36
24241 36
20931 36
132289 36
33210 36
12096 36
14273 36
14143 36
25251 36
22146 36
13822 36
19421 26
186886 36
14448 37
14368 37
64014 37
162812 37
68527 37
12279 37
14481 37
14331 37
64110 37
120697 29
69502 37
12290 37
92778 37
12930 37
154205 37
14323 37
33145 37
25362 37
186887 37
154315 37
12433 37
16271 37
14016 37
94252 36
154119 34
73173 37
63811 37
14065 37
12405 37
12404 37
14449 37
14180 37
24320 37
154904 37
12278 37
33047 38
94556 38
4757 35
6142 36
14439 38
186888 38
5796 38
67836 38
126276 38
186889 38
12963 38
12152 38
14563 38
14993 38
24634 38
175543 38
105928 38
93216 38
16312 38
165247 38
14787 38
68448 38
14109 38
186890 38
72705 37
23318 38
14378 38
12187 38
63634 38
64068 38
115191 41
68566 38
180743 38
131993 38
16732 38
64067 38
186891 33
13011 38
135333 36
32546 38
186892 38
32323 38
132332 38
12945 38
133629 38
68546 38
73174 38
154166 38
186893 38
12874 38
105800 36
186894 37
14470 39
131964 39
154768 39
23964 39
29463 39
14804 39
12562 39
13938 39
186895 39
22086 39
4453 39
165434 39
179572 39
154294 39
27584 39
23310 39
14839 39
165540 39
14006 39
5795 39
130472 39
34281 39
120259 39
186896 39
12322 39
186897 39
186898 39
14465 39
94502 39
27213 39
69377 39
12343 39
186899 39
186900 39
73191 39
186901 39
186902 39
93426 39
12567 40
104289 40
12740 39
12104 40
186903 39
25298 40
144409 40
63690 40
24501 40
12441 40
186904 40
12391 40
12962 40
63268 40
186905 40
12934 40
14434 40
12414 40
72540 40
186906 40
14132 40
186907 40
12501 40
12265 40
13965 40
12361 40
132130 40
63194 40
14208 40
186908 40
64079 40
12081 40
154305 40
14989 40
12977 40
16297 40
12178 40
154329 38
13517 40
32574 40
186909 40
14576 40
69049 40
105158 36
68394 40
13820 40
186910 40
12264 40
73274 40
186911 41
64134 41
32450 41
12929 41
34342 41
63349 41
24646 41
94488 41
63902 41
186912 41
12916 41
63649 41
114635 41
12563 41
13937 41
131972 41
186913 41
186914 34
12966 41
63817 41
9260 41
133905 41
23481 41
154117 41
32369 41
115239 41
13632 41
186915 40
154757 41
132291 41
63385 41
186916 41
23381 40
63627 41
154323 41
186917 40
32110 41
12894 41
15295 41
67842 42
186918 42
13182 42
186919 41
27212 42
186920 42
68549 42
12420 42
12915 42
186921 42
13016 42
63352 42
23515 42
14490 42
186922 42
63495 42
12089 42
134102 42
115260 42
25369 42
14030 42
154296 42
186923 42
5473 41
14058 42
12826 42
14139 42
14488 41
154209 42
12968 42
13266 42
155361 42
32460 42
15306 43
12911 43
186924 43
72704 43
12372 42
120334 43
132131 43
12189 43
153571 43
186925 43
76907 43
186926 43
107167 43
32478 43
12302 43
131938 43
12474 43
14649 43
68558 43
186927 43
14686 43
14668 43
186928 43
23518 43
15278 43
34125 43
14346 43
131961 43
12924 43
73176 43
105766 43
186929 43
115739 43
186930 43
94273 43
68466 43
13595 43
21422 44
154300 39
132061 44
186931 44
67837 44
29128 44
14338 43
12314 44
14605 44
120331 44
12383 44
63687 44
13811 44
13945 44
14840 44
23987 44
63654 44
186932 44
14340 44
75961 44
14635 44
186933 44
12305 44
14157 44
94289 44
14611 44
186934 44
15621 44
67930 44
162816 44
24309 44
69378 44
14239 44
186935 44
33156 44
175494 44
14994 44
132233 44
94237 44
12902 44
139222 44
5655 44
21576 44
186936 44
186937 43
138704 45
94583 45
63782 44
27190 45
12108 45
12257 45
141210 45
13463 45
13931 45
94271 45
94298 45
119971 45
186938 45
14344 45
12131 45
13561 45
13518 45
14574 45
68319 45
72061 44
132263 45
186939 45
12080 45
120205 45
14815 45
131971 45
63791 45
186940 45
12133 45
94272 45
25414 45
63616 45
186941 45
73053 45
20865 45
24490 45
186942 45
162990 46
186943 46
15339 45
14441 46
12269 46
13958 46
14807 46
15228 45
64073 46
72725 46
72648 45
13000 46
120353 46
25345 46
73287 45
186944 46
154741 45
186945 46
13915 46
139715 46
32377 46
186946 46
105910 46
153578 46
26753 46
186947 46
12392 46
12444 46
179571 46
12288 47
12374 47
27319 47
114510 46
14105 47
114554 47
12155 47
186948 47
186949 47
26892 47
131957 47
9322 47
32449 47
186950 47
23332 47
94559 47
186951 47
186952 47
21616 47
186953 47
166683 47
12342 47
12228 47
120235 47
63440 47
14112 47
12498 47
12304 47
21583 47
12323 48
63604 48
13058 48
14078 48
12239 48
186954 48
82672 48
186955 48
186956 48
63650 48
126550 48
64064 48
14475 48
186957 48
136932 48
12919 48
115685 48
113357 48
186958 48
186959 48
131960 48
186960 48
132074 49
68195 49
15148 46
12939 49
12132 49
13041 49
139205 49
12901 49
77074 49
186961 49
12245 49
15297 49
33715 49
165252 49
14639 49
63674 49
186962 47
69142 49
69056 49
186963 49
186964 49
13803 49
14816 43
15290 49
12479 49
12906 50
63736 50
12208 50
12895 50
12995 50
63238 50
24113 50
155464 50
131969 50
186965 50
165603 50
12292 50
154054 50
132043 50
67981 50
74064 50
69079 50
186966 50
107030 50
94557 50
69148 50
132318 50
186967 50
186968 50
63818 50
186969 50
13322 50
32355 49
135566 50
63853 49
23741 50
64972 51
186970 50
186971 50
133336 50
131958 50
73061 50
75361 50
12082 50
186972 50
186973 47
133685 50
67441 51
186974 50
180760 51
64987 51
12324 51
21663 50
186975 51
186976 51
69576 51
186977 51
67543 51
67451 51
67536 51
186978 51
186979 51
67420 51
27255 51
14122 51
115269 51
72646 51
72645 51
13522 51
38575 51
20776 51
13109 51
105920 51
186980 51
14854 51
14837 51
186981 51
76921 51
33263 51
186982 51
186983 51
13627 51
69090 51
12515 52
12260 52
29338 52
135430 52
12904 52
12376 48
186984 52
186985 52
134235 52
12377 52
186986 52
12186 52
186987 52
16161 52
64983 52
16710 52
135721 52
186988 49
186989 52
27207 52
154861 51
23807 52
27189 52
133184 53
186990 52
72799 52
107090 53
13556 52
13238 52
13448 53
83381 52
107108 53
186991 53
12105 53
12368 53
186992 53
23455 53
24681 53
29342 53
14472 53
135049 53
14335 53
12177 53
66462 53
132093 53
163449 53
12921 53
12532 53
186993 52
24373 54
72904 54
104098 53
13014 54
65372 53
132208 54
28458 54
14582 54
64985 54
15130 54
135756 54
64034 54
12344 54
186994 53
33672 54
25425 54
107294 54
72140 54
12431 54
14643 54
23735 54
32719 54
14613 54
29320 53
24378 54
32569 54
32285 54
84623 54
14442 54
12409 55
14107 55
69544 55
186995 55
12281 55
133329 55
186996 55
25377 55
32558 55
186997 55
69543 55
12009 55
32556 55
12090 55
15289 55
20780 55
132006 55
120238 56
14830 56
32535 56
12367 56
14037 54
12143 56
14726 56
13936 56
13809 56
12315 56
175462 56
186998 55
12381 56
14832 56
14147 56
12831 57
14111 57
186999 57
12197 57
12185 57
63549 57
132064 57
12308 57
12291 57
15143 57
13010 54
12010 57
13315 57
13548 57
63265 57
12157 57
153900 57
12815 58
187000 58
162988 58
107168 58
12065 58
132120 58
12099 58
162907 58
132293 58
12386 58
132205 58
14571 57
187001 58
12897 58
180920 54
165214 57
131951 56
67458 54
63972 58
13420 55
12129 58
126418 58
13003 58
14838 58
187002 58
120224 58
14853 59
12480 59
12410 59
187003 59
12146 59
12236 59
63783 59
13236 59
21712 59
31979 55
25159 59
14127 59
13508 59
14795 59
132053 59
132264 59
104405 59
12427 58
12482 60
12946 60
131950 60
23495 57
154249 59
187004 60
26735 60
187005 60
187006 60
13369 60
12295 60
12182 60
16209 60
2955 60
12215 60
187007 61
12126 60
32520 61
12166 61
12098 61
13042 61
13969 61
65023 61
187008 59
63284 61
12489 61
24068 59
120240 61
85082 59
187009 62
163403 62
16641 62
12002 62
12134 62
187010 62
63261 62
12986 62
32816 62
65290 62
55019 62
187011 62
21230 61
14579 62
14035 63
32974 62
163431 63
14382 63
12900 63
12154 63
13414 63
13656 64
165192 61
187012 63
14850 64
142066 64
187013 64
13073 64
33503 64
63790 64
187014 64
21624 63
32209 64
12602 39
12097 64
14729 64
14211 65
132097 63
14295 65
14587 65
104398 65
14100 65
63798 65
11872 65
61936 65
104500 65
63223 65
12555 65
32276 65
75060 65
13311 64
61937 65
164553 66
16262 66
113361 66
154409 66
12477 66
14991 66
12552 66
14106 66
104401 66
13027 66
187015 64
187016 66
23903 65
154496 66
187017 67
187018 67
12896 68
14578 68
14101 68
12481 68
16259 68
187019 68
115339 68
187020 68
187021 68
11865 68
16587 68
12548 68
187022 68
26859 68
12533 68
65003 68
15158 68
16634 69
132234 69
13146 69
154182 69
153785 69
63689 69
187023 69
114904 69
14150 70
14852 70
187024 70
12251 70
187025 71
63682 71
164885 71
187026 71
187027 71
27251 71
33599 70
16662 70
187028 71
12967 71
180266 72
23659 72
13618 72
153416 71
12135 72
187029 72
14124 73
16639 73
12538 73
12603 73
187030 73
153426 73
32291 73
12547 73
187031 74
187032 74
12535 74
14753 74
27246 74
16432 74
12512 74
114884 74
90594 73
14097 75
132004 75
64753 74
12541 74
187033 75
64900 75
153418 75
16689 75
173806 76
16784 76
16263 76
15001 77
13115 77
187034 76
12997 77
12908 78
187035 78
32235 78
12595 79
187036 79
12546 79
13009 79
15198 80
131988 80
104694 80
14380 80
16322 81
14114 81
187037 81
187038 81
12999 81
169446 81
187039 81
12389 82
104602 81
13790 82
85062 82
32232 82
187040 82
14377 83
169519 83
180735 83
187041 83
187042 83
25123 84
32797 84
187043 84
65163 84
12912 85
13184 85
104831 85
32798 85
169308 84
187044 85
12385 86
187045 86
187046 87
169611 87
187047 88
187048 89
169450 89
169596 89
14140 89
26680 90
141859 90
169346 90
187049 90
164531 91
187050 91
187051 91
169324 91
16331 91
14865 92
32230 88
13004 92
104331 92
13920 93
62022 92
169433 93
153632 93
168919 93
63635 94
162236 94
14007 94
16321 94
16428 91
15363 94
141893 94
61994 94
168781 95
141896 95
14867 97
169603 96
16285 97
167268 97
141824 97
187052 96
141792 97
168935 97
16189 98
169173 98
162406 98
141760 98
4849 97
169303 98
169090 98
26554 98
13972 99
32833 99
16316 99
130495 99
114304 99
14859 100
187053 100
187054 100
61988 101
164538 101
169326 101
169528 102
132480 102
169154 102
14861 102
141746 102
132177 102
187055 102
141653 102
141741 102
141675 102
141858 103
187056 103
167074 103
16248 103
141861 104
141748 104
16193 104
141863 104
187057 104
187058 104
141801 104
141665 104
27038 25
187059 103
16237 105
169560 104
16249 105
141772 105
32836 105
187060 105
16188 105
16251 106
168110 106
16239 106
132474 106
187061 106
141895 106
15287 107
16235 108
141823 104
167266 108
169077 109
187062 109
187063 109
187064 109
141668 108
187065 104
187066 109
163600 109
87241 109
169602 110
26564 110
141996 111
164534 110
141952 111
141871 111
165741 111
141954 111
163598 112
169139 111
169127 113
16199 113
162425 112
187067 113
141985 113
28330 113
187068 113
141866 114
16283 114
28335 114
87751 114
187069 109
89462 115
187070 115
141956 116
187071 116
187072 116
187073 116
169158 117
15389 117
187074 117
141965 118
141982 118
169160 118
16186 118
168892 119
26467 119
169032 119
15473 119
89531 119
16481 119
15190 119
15201 119
187075 120
167279 120
187076 120
187077 121
15397 121
13001 121
187078 121
162305 121
187079 118
168862 120
187080 121
138818 123
187081 121
187082 123
15224 123
15187 124
16339 124
15486 124
104584 125
166453 125
187083 124
187084 125
15474 126
16183 126
16247 127
14851 127
15499 128
16229 128
187085 126
187086 129
165264 129
15162 130
15112 130
187087 130
187088 130
104581 131
166458 128
15459 131
41848 131
15208 132
104585 131
169000 132
166438 132
16341 133
15109 133
104362 133
187089 130
15346 134
15200 135
166692 130
187090 136
165590 136
162539 137
15217 137
166466 137
15264 137
15184 138
15533 138
187091 138
166755 138
15207 138
16221 139
166300 139
187092 140
187093 140
15510 140
16228 140
187094 140
162746 141
187095 137
169541 141
187096 141
16252 141
41871 142
187097 142
187098 139
169537 143
15532 143
169540 143
187099 144
169547 144
167172 145
168860 145
187100 133
16163 146
103983 146
166901 146
104076 146
104069 146
187101 146
187102 143
104079 147
187103 147
16240 147
15345 148
15386 148
187104 148
15515 148
100463 147
104067 149
187105 149
187106 150
16320 150
187107 149
169558 149
15237 150
166822 150
104077 150
115967 151
16518 151
187108 151
162506 151
187109 150
162748 153
166264 153
132011 153
16256 153
16514 154
187110 153
15260 154
187111 155
187112 155
16513 155
132363 155
187113 155
16156 156
16507 152
169302 157
114148 157
166810 157
187114 157
187115 158
16225 158
6921 158
187116 158
187117 159
114114 159
187118 159
162646 159
166265 160
187119 160
187120 161
16172 162
16417 162
16230 162
166535 162
187121 161
187122 162
16226 162
16224 163
132479 163
16233 163
16323 163
166258 163
16326 163
166739 163
16418 163
15235 163
187123 164
16166 157
16234 164
187124 164
16223 165
162713 165
16516 165
187125 166
15114 167
15183 167
166545 170
162750 170
187126 170
187127 171
15529 171
16241 171
16143 171
15530 171
16153 171
115688 171
187128 172
104367 172
187129 172
16294 173
16164 174
187130 173
104066 174
15251 175
15522 175
187131 177
15252 177
15121 177
15247 178
187132 178
16509 178
187133 178
132498 178
41731 179
15099 179
16159 180
15380 180
166551 181
15204 182
15254 183
15250 183
15122 183
15100 184
187134 184
16238 184
16142 184
187135 184
155076 186
15357 186
154582 187
154600 188
15361 189
15157 189
154622 189
187136 189
15220 189
154585 189
154584 189
187137 190
132346 190
154586 190
187138 190
154591 190
15528 190
187139 190
154560 190
187140 191
154771 193
154960 194
154888 193
132351 194
187141 194
15203 195
154993 196
15358 196
16512 196
15365 197
187142 197
187143 198
33246 198
154886 198
187144 199
154624 199
187145 200
15368 201
15469 202
155062 202
15261 202
132380 203
187146 202
132358 203
154897 204
187147 205
15211 208
15209 209
154898 209
154788 209
187148 210
154934 211
154919 211
187149 212
154951 214
154882 215
15428 215
155019 218
16006 220
154883 222
15202 224
